end_period_ts,open_interest,open_interest_fp,price,volume,volume_fp,yes_ask,yes_bid
1763558880,737,737.00,"{'close': 73, 'close_dollars': '0.7300', 'high': 73, 'high_dollars': '0.7300', 'low': 73, 'low_dollars': '0.7300', 'max': None, 'mean': 73, 'mean_dollars': '0.7300', 'min': None, 'open': 73, 'open_dollars': '0.7300', 'previous': 74, 'previous_dollars': '0.7400'}",17,17.00,"{'close': 81, 'close_dollars': '0.8100', 'high': 81, 'high_dollars': '0.8100', 'low': 81, 'low_dollars': '0.8100', 'open': 81, 'open_dollars': '0.8100'}","{'close': 73, 'close_dollars': '0.7300', 'high': 73, 'high_dollars': '0.7300', 'low': 73, 'low_dollars': '0.7300', 'open': 73, 'open_dollars': '0.7300'}"
1763559000,737,737.00,"{'close': None, 'high': None, 'low': None, 'max': None, 'mean': None, 'min': None, 'open': None, 'previous': 73, 'previous_dollars': '0.7300'}",0,0.00,"{'close': 81, 'close_dollars': '0.8100', 'high': 81, 'high_dollars': '0.8100', 'low': 81, 'low_dollars': '0.8100', 'open': 81, 'open_dollars': '0.8100'}","{'close': 78, 'close_dollars': '0.7800', 'high': 78, 'high_dollars': '0.7800', 'low': 73, 'low_dollars': '0.7300', 'open': 73, 'open_dollars': '0.7300'}"
1763559060,737,737.00,"{'close': None, 'high': None, 'low': None, 'max': None, 'mean': None, 'min': None, 'open': None, 'previous': 73, 'previous_dollars': '0.7300'}",0,0.00,"{'close': 81, 'close_dollars': '0.8100', 'high': 81, 'high_dollars': '0.8100', 'low': 81, 'low_dollars': '0.8100', 'open': 81, 'open_dollars': '0.8100'}","{'close': 78, 'close_dollars': '0.7800', 'high': 78, 'high_dollars': '0.7800', 'low': 78, 'low_dollars': '0.7800', 'open': 78, 'open_dollars': '0.7800'}"
1763559120,737,737.00,"{'close': None, 'high': None, 'low': None, 'max': None, 'mean': None, 'min': None, 'open': None, 'previous': 73, 'previous_dollars': '0.7300'}",0,0.00,"{'close': 81, 'close_dollars': '0.8100', 'high': 81, 'high_dollars': '0.8100', 'low': 81, 'low_dollars': '0.8100', 'open': 81, 'open_dollars': '0.8100'}","{'close': 79, 'close_dollars': '0.7900', 'high': 79, 'high_dollars': '0.7900', 'low': 78, 'low_dollars': '0.7800', 'open': 78, 'open_dollars': '0.7800'}"
1763559900,737,737.00,"{'close': None, 'high': None, 'low': None, 'max': None, 'mean': None, 'min': None, 'open': None, 'previous': 73, 'previous_dollars': '0.7300'}",0,0.00,"{'close': 88, 'close_dollars': '0.8800', 'high': 88, 'high_dollars': '0.8800', 'low': 81, 'low_dollars': '0.8100', 'open': 81, 'open_dollars': '0.8100'}","{'close': 79, 'close_dollars': '0.7900', 'high': 79, 'high_dollars': '0.7900', 'low': 79, 'low_dollars': '0.7900', 'open': 79, 'open_dollars': '0.7900'}"
1763559960,737,737.00,"{'close': None, 'high': None, 'low': None, 'max': None, 'mean': None, 'min': None, 'open': None, 'previous': 73, 'previous_dollars': '0.7300'}",0,0.00,"{'close': 87, 'close_dollars': '0.8700', 'high': 88, 'high_dollars': '0.8800', 'low': 87, 'low_dollars': '0.8700', 'open': 88, 'open_dollars': '0.8800'}","{'close': 79, 'close_dollars': '0.7900', 'high': 79, 'high_dollars': '0.7900', 'low': 79, 'low_dollars': '0.7900', 'open': 79, 'open_dollars': '0.7900'}"
1763560080,737,737.00,"{'close': None, 'high': None, 'low': None, 'max': None, 'mean': None, 'min': None, 'open': None, 'previous': 73, 'previous_dollars': '0.7300'}",0,0.00,"{'close': 87, 'close_dollars': '0.8700', 'high': 87, 'high_dollars': '0.8700', 'low': 87, 'low_dollars': '0.8700', 'open': 87, 'open_dollars': '0.8700'}","{'close': 79, 'close_dollars': '0.7900', 'high': 79, 'high_dollars': '0.7900', 'low': 79, 'low_dollars': '0.7900', 'open': 79, 'open_dollars': '0.7900'}"
1763560140,739,739.00,"{'close': 79, 'close_dollars': '0.7900', 'high': 79, 'high_dollars': '0.7900', 'low': 79, 'low_dollars': '0.7900', 'max': None, 'mean': 79, 'mean_dollars': '0.7900', 'min': None, 'open': 79, 'open_dollars': '0.7900', 'previous': 73, 'previous_dollars': '0.7300'}",2,2.00,"{'close': 87, 'close_dollars': '0.8700', 'high': 87, 'high_dollars': '0.8700', 'low': 87, 'low_dollars': '0.8700', 'open': 87, 'open_dollars': '0.8700'}","{'close': 79, 'close_dollars': '0.7900', 'high': 79, 'high_dollars': '0.7900', 'low': 79, 'low_dollars': '0.7900', 'open': 79, 'open_dollars': '0.7900'}"
1763560200,852,852.00,"{'close': 88, 'close_dollars': '0.8800', 'high': 88, 'high_dollars': '0.8800', 'low': 87, 'low_dollars': '0.8700', 'max': None, 'mean': 87, 'mean_dollars': '0.8768', 'min': None, 'open': 87, 'open_dollars': '0.8700', 'previous': 79, 'previous_dollars': '0.7900'}",113,113.00,"{'close': 90, 'close_dollars': '0.9000', 'high': 95, 'high_dollars': '0.9500', 'low': 87, 'low_dollars': '0.8700', 'open': 87, 'open_dollars': '0.8700'}","{'close': 82, 'close_dollars': '0.8200', 'high': 82, 'high_dollars': '0.8200', 'low': 79, 'low_dollars': '0.7900', 'open': 79, 'open_dollars': '0.7900'}"
1763560260,868,868.00,"{'close': 81, 'close_dollars': '0.8100', 'high': 82, 'high_dollars': '0.8200', 'low': 81, 'low_dollars': '0.8100', 'max': None, 'mean': 81, 'mean_dollars': '0.8132', 'min': None, 'open': 82, 'open_dollars': '0.8200', 'previous': 88, 'previous_dollars': '0.8800'}",50,50.00,"{'close': 90, 'close_dollars': '0.9000', 'high': 90, 'high_dollars': '0.9000', 'low': 90, 'low_dollars': '0.9000', 'open': 90, 'open_dollars': '0.9000'}","{'close': 80, 'close_dollars': '0.8000', 'high': 82, 'high_dollars': '0.8200', 'low': 79, 'low_dollars': '0.7900', 'open': 82, 'open_dollars': '0.8200'}"
1763560320,868,868.00,"{'close': 80, 'close_dollars': '0.8000', 'high': 80, 'high_dollars': '0.8000', 'low': 80, 'low_dollars': '0.8000', 'max': None, 'mean': 80, 'mean_dollars': '0.8000', 'min': None, 'open': 80, 'open_dollars': '0.8000', 'previous': 81, 'previous_dollars': '0.8100'}",47,47.00,"{'close': 88, 'close_dollars': '0.8800', 'high': 90, 'high_dollars': '0.9000', 'low': 88, 'low_dollars': '0.8800', 'open': 90, 'open_dollars': '0.9000'}","{'close': 79, 'close_dollars': '0.7900', 'high': 80, 'high_dollars': '0.8000', 'low': 79, 'low_dollars': '0.7900', 'open': 80, 'open_dollars': '0.8000'}"
1763560380,868,868.00,"{'close': None, 'high': None, 'low': None, 'max': None, 'mean': None, 'min': None, 'open': None, 'previous': 80, 'previous_dollars': '0.8000'}",0,0.00,"{'close': 88, 'close_dollars': '0.8800', 'high': 88, 'high_dollars': '0.8800', 'low': 88, 'low_dollars': '0.8800', 'open': 88, 'open_dollars': '0.8800'}","{'close': 80, 'close_dollars': '0.8000', 'high': 80, 'high_dollars': '0.8000', 'low': 79, 'low_dollars': '0.7900', 'open': 79, 'open_dollars': '0.7900'}"
1763560560,868,868.00,"{'close': None, 'high': None, 'low': None, 'max': None, 'mean': None, 'min': None, 'open': None, 'previous': 80, 'previous_dollars': '0.8000'}",0,0.00,"{'close': 88, 'close_dollars': '0.8800', 'high': 88, 'high_dollars': '0.8800', 'low': 88, 'low_dollars': '0.8800', 'open': 88, 'open_dollars': '0.8800'}","{'close': 80, 'close_dollars': '0.8000', 'high': 80, 'high_dollars': '0.8000', 'low': 80, 'low_dollars': '0.8000', 'open': 80, 'open_dollars': '0.8000'}"
1763560800,868,868.00,"{'close': None, 'high': None, 'low': None, 'max': None, 'mean': None, 'min': None, 'open': None, 'previous': 80, 'previous_dollars': '0.8000'}",0,0.00,"{'close': 87, 'close_dollars': '0.8700', 'high': 88, 'high_dollars': '0.8800', 'low': 87, 'low_dollars': '0.8700', 'open': 88, 'open_dollars': '0.8800'}","{'close': 80, 'close_dollars': '0.8000', 'high': 80, 'high_dollars': '0.8000', 'low': 80, 'low_dollars': '0.8000', 'open': 80, 'open_dollars': '0.8000'}"
1763560860,868,868.00,"{'close': None, 'high': None, 'low': None, 'max': None, 'mean': None, 'min': None, 'open': None, 'previous': 80, 'previous_dollars': '0.8000'}",0,0.00,"{'close': 87, 'close_dollars': '0.8700', 'high': 87, 'high_dollars': '0.8700', 'low': 87, 'low_dollars': '0.8700', 'open': 87, 'open_dollars': '0.8700'}","{'close': 81, 'close_dollars': '0.8100', 'high': 81, 'high_dollars': '0.8100', 'low': 80, 'low_dollars': '0.8000', 'open': 80, 'open_dollars': '0.8000'}"
1763560920,868,868.00,"{'close': None, 'high': None, 'low': None, 'max': None, 'mean': None, 'min': None, 'open': None, 'previous': 80, 'previous_dollars': '0.8000'}",0,0.00,"{'close': 86, 'close_dollars': '0.8600', 'high': 87, 'high_dollars': '0.8700', 'low': 86, 'low_dollars': '0.8600', 'open': 87, 'open_dollars': '0.8700'}","{'close': 81, 'close_dollars': '0.8100', 'high': 81, 'high_dollars': '0.8100', 'low': 81, 'low_dollars': '0.8100', 'open': 81, 'open_dollars': '0.8100'}"
1763561040,868,868.00,"{'close': None, 'high': None, 'low': None, 'max': None, 'mean': None, 'min': None, 'open': None, 'previous': 80, 'previous_dollars': '0.8000'}",0,0.00,"{'close': 86, 'close_dollars': '0.8600', 'high': 86, 'high_dollars': '0.8600', 'low': 86, 'low_dollars': '0.8600', 'open': 86, 'open_dollars': '0.8600'}","{'close': 81, 'close_dollars': '0.8100', 'high': 81, 'high_dollars': '0.8100', 'low': 81, 'low_dollars': '0.8100', 'open': 81, 'open_dollars': '0.8100'}"
1763561100,868,868.00,"{'close': None, 'high': None, 'low': None, 'max': None, 'mean': None, 'min': None, 'open': None, 'previous': 80, 'previous_dollars': '0.8000'}",0,0.00,"{'close': 86, 'close_dollars': '0.8600', 'high': 86, 'high_dollars': '0.8600', 'low': 86, 'low_dollars': '0.8600', 'open': 86, 'open_dollars': '0.8600'}","{'close': 81, 'close_dollars': '0.8100', 'high': 81, 'high_dollars': '0.8100', 'low': 81, 'low_dollars': '0.8100', 'open': 81, 'open_dollars': '0.8100'}"
1763561340,868,868.00,"{'close': None, 'high': None, 'low': None, 'max': None, 'mean': None, 'min': None, 'open': None, 'previous': 80, 'previous_dollars': '0.8000'}",0,0.00,"{'close': 86, 'close_dollars': '0.8600', 'high': 86, 'high_dollars': '0.8600', 'low': 86, 'low_dollars': '0.8600', 'open': 86, 'open_dollars': '0.8600'}","{'close': 81, 'close_dollars': '0.8100', 'high': 81, 'high_dollars': '0.8100', 'low': 81, 'low_dollars': '0.8100', 'open': 81, 'open_dollars': '0.8100'}"
1763561460,868,868.00,"{'close': 81, 'close_dollars': '0.8100', 'high': 81, 'high_dollars': '0.8100', 'low': 81, 'low_dollars': '0.8100', 'max': None, 'mean': 81, 'mean_dollars': '0.8100', 'min': None, 'open': 81, 'open_dollars': '0.8100', 'previous': 80, 'previous_dollars': '0.8000'}",3,3.00,"{'close': 86, 'close_dollars': '0.8600', 'high': 86, 'high_dollars': '0.8600', 'low': 86, 'low_dollars': '0.8600', 'open': 86, 'open_dollars': '0.8600'}","{'close': 81, 'close_dollars': '0.8100', 'high': 81, 'high_dollars': '0.8100', 'low': 81, 'low_dollars': '0.8100', 'open': 81, 'open_dollars': '0.8100'}"
1763561580,868,868.00,"{'close': None, 'high': None, 'low': None, 'max': None, 'mean': None, 'min': None, 'open': None, 'previous': 81, 'previous_dollars': '0.8100'}",0,0.00,"{'close': 86, 'close_dollars': '0.8600', 'high': 86, 'high_dollars': '0.8600', 'low': 86, 'low_dollars': '0.8600', 'open': 86, 'open_dollars': '0.8600'}","{'close': 81, 'close_dollars': '0.8100', 'high': 81, 'high_dollars': '0.8100', 'low': 81, 'low_dollars': '0.8100', 'open': 81, 'open_dollars': '0.8100'}"
1763561640,2466,2466.00,"{'close': 68, 'close_dollars': '0.6800', 'high': 88, 'high_dollars': '0.8800', 'low': 68, 'low_dollars': '0.6800', 'max': None, 'mean': 73, 'mean_dollars': '0.7356', 'min': None, 'open': 86, 'open_dollars': '0.8600', 'previous': 81, 'previous_dollars': '0.8100'}",1839,1839.00,"{'close': 82, 'close_dollars': '0.8200', 'high': 88, 'high_dollars': '0.8800', 'low': 82, 'low_dollars': '0.8200', 'open': 86, 'open_dollars': '0.8600'}","{'close': 72, 'close_dollars': '0.7200', 'high': 82, 'high_dollars': '0.8200', 'low': 68, 'low_dollars': '0.6800', 'open': 81, 'open_dollars': '0.8100'}"
1763561700,2466,2466.00,"{'close': None, 'high': None, 'low': None, 'max': None, 'mean': None, 'min': None, 'open': None, 'previous': 68, 'previous_dollars': '0.6800'}",0,0.00,"{'close': 81, 'close_dollars': '0.8100', 'high': 82, 'high_dollars': '0.8200', 'low': 81, 'low_dollars': '0.8100', 'open': 82, 'open_dollars': '0.8200'}","{'close': 72, 'close_dollars': '0.7200', 'high': 72, 'high_dollars': '0.7200', 'low': 72, 'low_dollars': '0.7200', 'open': 72, 'open_dollars': '0.7200'}"
1763561760,2466,2466.00,"{'close': None, 'high': None, 'low': None, 'max': None, 'mean': None, 'min': None, 'open': None, 'previous': 68, 'previous_dollars': '0.6800'}",0,0.00,"{'close': 81, 'close_dollars': '0.8100', 'high': 81, 'high_dollars': '0.8100', 'low': 81, 'low_dollars': '0.8100', 'open': 81, 'open_dollars': '0.8100'}","{'close': 72, 'close_dollars': '0.7200', 'high': 72, 'high_dollars': '0.7200', 'low': 72, 'low_dollars': '0.7200', 'open': 72, 'open_dollars': '0.7200'}"
1763561820,2466,2466.00,"{'close': None, 'high': None, 'low': None, 'max': None, 'mean': None, 'min': None, 'open': None, 'previous': 68, 'previous_dollars': '0.6800'}",0,0.00,"{'close': 81, 'close_dollars': '0.8100', 'high': 81, 'high_dollars': '0.8100', 'low': 81, 'low_dollars': '0.8100', 'open': 81, 'open_dollars': '0.8100'}","{'close': 72, 'close_dollars': '0.7200', 'high': 72, 'high_dollars': '0.7200', 'low': 72, 'low_dollars': '0.7200', 'open': 72, 'open_dollars': '0.7200'}"
1763561880,2490,2490.00,"{'close': 81, 'close_dollars': '0.8100', 'high': 81, 'high_dollars': '0.8100', 'low': 81, 'low_dollars': '0.8100', 'max': None, 'mean': 81, 'mean_dollars': '0.8100', 'min': None, 'open': 81, 'open_dollars': '0.8100', 'previous': 68, 'previous_dollars': '0.6800'}",24,24.00,"{'close': 81, 'close_dollars': '0.8100', 'high': 81, 'high_dollars': '0.8100', 'low': 81, 'low_dollars': '0.8100', 'open': 81, 'open_dollars': '0.8100'}","{'close': 72, 'close_dollars': '0.7200', 'high': 72, 'high_dollars': '0.7200', 'low': 72, 'low_dollars': '0.7200', 'open': 72, 'open_dollars': '0.7200'}"
1763561940,2507,2507.00,"{'close': 73, 'close_dollars': '0.7300', 'high': 73, 'high_dollars': '0.7300', 'low': 73, 'low_dollars': '0.7300', 'max': None, 'mean': 73, 'mean_dollars': '0.7300', 'min': None, 'open': 73, 'open_dollars': '0.7300', 'previous': 81, 'previous_dollars': '0.8100'}",17,17.00,"{'close': 81, 'close_dollars': '0.8100', 'high': 81, 'high_dollars': '0.8100', 'low': 81, 'low_dollars': '0.8100', 'open': 81, 'open_dollars': '0.8100'}","{'close': 72, 'close_dollars': '0.7200', 'high': 73, 'high_dollars': '0.7300', 'low': 72, 'low_dollars': '0.7200', 'open': 72, 'open_dollars': '0.7200'}"
1763562060,2507,2507.00,"{'close': None, 'high': None, 'low': None, 'max': None, 'mean': None, 'min': None, 'open': None, 'previous': 73, 'previous_dollars': '0.7300'}",0,0.00,"{'close': 79, 'close_dollars': '0.7900', 'high': 81, 'high_dollars': '0.8100', 'low': 79, 'low_dollars': '0.7900', 'open': 81, 'open_dollars': '0.8100'}","{'close': 75, 'close_dollars': '0.7500', 'high': 75, 'high_dollars': '0.7500', 'low': 72, 'low_dollars': '0.7200', 'open': 72, 'open_dollars': '0.7200'}"
1763562120,2507,2507.00,"{'close': None, 'high': None, 'low': None, 'max': None, 'mean': None, 'min': None, 'open': None, 'previous': 73, 'previous_dollars': '0.7300'}",0,0.00,"{'close': 81, 'close_dollars': '0.8100', 'high': 81, 'high_dollars': '0.8100', 'low': 79, 'low_dollars': '0.7900', 'open': 79, 'open_dollars': '0.7900'}","{'close': 75, 'close_dollars': '0.7500', 'high': 75, 'high_dollars': '0.7500', 'low': 75, 'low_dollars': '0.7500', 'open': 75, 'open_dollars': '0.7500'}"
1763562180,2507,2507.00,"{'close': None, 'high': None, 'low': None, 'max': None, 'mean': None, 'min': None, 'open': None, 'previous': 73, 'previous_dollars': '0.7300'}",0,0.00,"{'close': 81, 'close_dollars': '0.8100', 'high': 81, 'high_dollars': '0.8100', 'low': 81, 'low_dollars': '0.8100', 'open': 81, 'open_dollars': '0.8100'}","{'close': 76, 'close_dollars': '0.7600', 'high': 76, 'high_dollars': '0.7600', 'low': 75, 'low_dollars': '0.7500', 'open': 75, 'open_dollars': '0.7500'}"
1763562240,2531,2531.00,"{'close': 81, 'close_dollars': '0.8100', 'high': 81, 'high_dollars': '0.8100', 'low': 81, 'low_dollars': '0.8100', 'max': None, 'mean': 81, 'mean_dollars': '0.8100', 'min': None, 'open': 81, 'open_dollars': '0.8100', 'previous': 73, 'previous_dollars': '0.7300'}",24,24.00,"{'close': 81, 'close_dollars': '0.8100', 'high': 81, 'high_dollars': '0.8100', 'low': 81, 'low_dollars': '0.8100', 'open': 81, 'open_dollars': '0.8100'}","{'close': 76, 'close_dollars': '0.7600', 'high': 76, 'high_dollars': '0.7600', 'low': 76, 'low_dollars': '0.7600', 'open': 76, 'open_dollars': '0.7600'}"
1763562300,2581,2581.00,"{'close': 81, 'close_dollars': '0.8100', 'high': 81, 'high_dollars': '0.8100', 'low': 81, 'low_dollars': '0.8100', 'max': None, 'mean': 81, 'mean_dollars': '0.8100', 'min': None, 'open': 81, 'open_dollars': '0.8100', 'previous': 81, 'previous_dollars': '0.8100'}",50,50.00,"{'close': 82, 'close_dollars': '0.8200', 'high': 82, 'high_dollars': '0.8200', 'low': 81, 'low_dollars': '0.8100', 'open': 81, 'open_dollars': '0.8100'}","{'close': 81, 'close_dollars': '0.8100', 'high': 81, 'high_dollars': '0.8100', 'low': 76, 'low_dollars': '0.7600', 'open': 76, 'open_dollars': '0.7600'}"
1763562360,2581,2581.00,"{'close': None, 'high': None, 'low': None, 'max': None, 'mean': None, 'min': None, 'open': None, 'previous': 81, 'previous_dollars': '0.8100'}",0,0.00,"{'close': 82, 'close_dollars': '0.8200', 'high': 82, 'high_dollars': '0.8200', 'low': 82, 'low_dollars': '0.8200', 'open': 82, 'open_dollars': '0.8200'}","{'close': 81, 'close_dollars': '0.8100', 'high': 81, 'high_dollars': '0.8100', 'low': 81, 'low_dollars': '0.8100', 'open': 81, 'open_dollars': '0.8100'}"
1763562480,2581,2581.00,"{'close': None, 'high': None, 'low': None, 'max': None, 'mean': None, 'min': None, 'open': None, 'previous': 81, 'previous_dollars': '0.8100'}",0,0.00,"{'close': 82, 'close_dollars': '0.8200', 'high': 82, 'high_dollars': '0.8200', 'low': 82, 'low_dollars': '0.8200', 'open': 82, 'open_dollars': '0.8200'}","{'close': 81, 'close_dollars': '0.8100', 'high': 81, 'high_dollars': '0.8100', 'low': 81, 'low_dollars': '0.8100', 'open': 81, 'open_dollars': '0.8100'}"
1763562600,2581,2581.00,"{'close': None, 'high': None, 'low': None, 'max': None, 'mean': None, 'min': None, 'open': None, 'previous': 81, 'previous_dollars': '0.8100'}",0,0.00,"{'close': 82, 'close_dollars': '0.8200', 'high': 82, 'high_dollars': '0.8200', 'low': 82, 'low_dollars': '0.8200', 'open': 82, 'open_dollars': '0.8200'}","{'close': 81, 'close_dollars': '0.8100', 'high': 81, 'high_dollars': '0.8100', 'low': 81, 'low_dollars': '0.8100', 'open': 81, 'open_dollars': '0.8100'}"
1763562720,2581,2581.00,"{'close': None, 'high': None, 'low': None, 'max': None, 'mean': None, 'min': None, 'open': None, 'previous': 81, 'previous_dollars': '0.8100'}",0,0.00,"{'close': 82, 'close_dollars': '0.8200', 'high': 82, 'high_dollars': '0.8200', 'low': 82, 'low_dollars': '0.8200', 'open': 82, 'open_dollars': '0.8200'}","{'close': 81, 'close_dollars': '0.8100', 'high': 81, 'high_dollars': '0.8100', 'low': 81, 'low_dollars': '0.8100', 'open': 81, 'open_dollars': '0.8100'}"
1763562900,2581,2581.00,"{'close': None, 'high': None, 'low': None, 'max': None, 'mean': None, 'min': None, 'open': None, 'previous': 81, 'previous_dollars': '0.8100'}",0,0.00,"{'close': 82, 'close_dollars': '0.8200', 'high': 82, 'high_dollars': '0.8200', 'low': 82, 'low_dollars': '0.8200', 'open': 82, 'open_dollars': '0.8200'}","{'close': 81, 'close_dollars': '0.8100', 'high': 81, 'high_dollars': '0.8100', 'low': 81, 'low_dollars': '0.8100', 'open': 81, 'open_dollars': '0.8100'}"
1763562960,2581,2581.00,"{'close': None, 'high': None, 'low': None, 'max': None, 'mean': None, 'min': None, 'open': None, 'previous': 81, 'previous_dollars': '0.8100'}",0,0.00,"{'close': 82, 'close_dollars': '0.8200', 'high': 82, 'high_dollars': '0.8200', 'low': 82, 'low_dollars': '0.8200', 'open': 82, 'open_dollars': '0.8200'}","{'close': 81, 'close_dollars': '0.8100', 'high': 81, 'high_dollars': '0.8100', 'low': 81, 'low_dollars': '0.8100', 'open': 81, 'open_dollars': '0.8100'}"
1763563020,2585,2585.00,"{'close': 81, 'close_dollars': '0.8100', 'high': 81, 'high_dollars': '0.8100', 'low': 81, 'low_dollars': '0.8100', 'max': None, 'mean': 81, 'mean_dollars': '0.8100', 'min': None, 'open': 81, 'open_dollars': '0.8100', 'previous': 81, 'previous_dollars': '0.8100'}",4,4.00,"{'close': 82, 'close_dollars': '0.8200', 'high': 82, 'high_dollars': '0.8200', 'low': 82, 'low_dollars': '0.8200', 'open': 82, 'open_dollars': '0.8200'}","{'close': 81, 'close_dollars': '0.8100', 'high': 81, 'high_dollars': '0.8100', 'low': 81, 'low_dollars': '0.8100', 'open': 81, 'open_dollars': '0.8100'}"
1763563140,2840,2840.00,"{'close': 82, 'close_dollars': '0.8200', 'high': 82, 'high_dollars': '0.8200', 'low': 82, 'low_dollars': '0.8200', 'max': None, 'mean': 82, 'mean_dollars': '0.8200', 'min': None, 'open': 82, 'open_dollars': '0.8200', 'previous': 81, 'previous_dollars': '0.8100'}",255,255.00,"{'close': 86, 'close_dollars': '0.8600', 'high': 95, 'high_dollars': '0.9500', 'low': 82, 'low_dollars': '0.8200', 'open': 82, 'open_dollars': '0.8200'}","{'close': 82, 'close_dollars': '0.8200', 'high': 82, 'high_dollars': '0.8200', 'low': 81, 'low_dollars': '0.8100', 'open': 81, 'open_dollars': '0.8100'}"
1763563200,3042,3042.00,"{'close': 87, 'close_dollars': '0.8700', 'high': 87, 'high_dollars': '0.8700', 'low': 86, 'low_dollars': '0.8600', 'max': None, 'mean': 86, 'mean_dollars': '0.8699', 'min': None, 'open': 86, 'open_dollars': '0.8600', 'previous': 82, 'previous_dollars': '0.8200'}",202,202.00,"{'close': 92, 'close_dollars': '0.9200', 'high': 95, 'high_dollars': '0.9500', 'low': 86, 'low_dollars': '0.8600', 'open': 86, 'open_dollars': '0.8600'}","{'close': 90, 'close_dollars': '0.9000', 'high': 90, 'high_dollars': '0.9000', 'low': 82, 'low_dollars': '0.8200', 'open': 82, 'open_dollars': '0.8200'}"
1763563260,3042,3042.00,"{'close': None, 'high': None, 'low': None, 'max': None, 'mean': None, 'min': None, 'open': None, 'previous': 87, 'previous_dollars': '0.8700'}",0,0.00,"{'close': 93, 'close_dollars': '0.9300', 'high': 95, 'high_dollars': '0.9500', 'low': 92, 'low_dollars': '0.9200', 'open': 92, 'open_dollars': '0.9200'}","{'close': 90, 'close_dollars': '0.9000', 'high': 90, 'high_dollars': '0.9000', 'low': 90, 'low_dollars': '0.9000', 'open': 90, 'open_dollars': '0.9000'}"
1763563500,3042,3042.00,"{'close': None, 'high': None, 'low': None, 'max': None, 'mean': None, 'min': None, 'open': None, 'previous': 87, 'previous_dollars': '0.8700'}",0,0.00,"{'close': 93, 'close_dollars': '0.9300', 'high': 93, 'high_dollars': '0.9300', 'low': 93, 'low_dollars': '0.9300', 'open': 93, 'open_dollars': '0.9300'}","{'close': 90, 'close_dollars': '0.9000', 'high': 90, 'high_dollars': '0.9000', 'low': 90, 'low_dollars': '0.9000', 'open': 90, 'open_dollars': '0.9000'}"
1763563860,3070,3070.00,"{'close': 90, 'close_dollars': '0.9000', 'high': 90, 'high_dollars': '0.9000', 'low': 90, 'low_dollars': '0.9000', 'max': None, 'mean': 90, 'mean_dollars': '0.9000', 'min': None, 'open': 90, 'open_dollars': '0.9000', 'previous': 87, 'previous_dollars': '0.8700'}",28,28.00,"{'close': 93, 'close_dollars': '0.9300', 'high': 93, 'high_dollars': '0.9300', 'low': 93, 'low_dollars': '0.9300', 'open': 93, 'open_dollars': '0.9300'}","{'close': 90, 'close_dollars': '0.9000', 'high': 90, 'high_dollars': '0.9000', 'low': 90, 'low_dollars': '0.9000', 'open': 90, 'open_dollars': '0.9000'}"
1763564160,3120,3120.00,"{'close': 90, 'close_dollars': '0.9000', 'high': 90, 'high_dollars': '0.9000', 'low': 90, 'low_dollars': '0.9000', 'max': None, 'mean': 90, 'mean_dollars': '0.9000', 'min': None, 'open': 90, 'open_dollars': '0.9000', 'previous': 90, 'previous_dollars': '0.9000'}",50,50.00,"{'close': 93, 'close_dollars': '0.9300', 'high': 93, 'high_dollars': '0.9300', 'low': 93, 'low_dollars': '0.9300', 'open': 93, 'open_dollars': '0.9300'}","{'close': 90, 'close_dollars': '0.9000', 'high': 90, 'high_dollars': '0.9000', 'low': 90, 'low_dollars': '0.9000', 'open': 90, 'open_dollars': '0.9000'}"
1763564400,3120,3120.00,"{'close': None, 'high': None, 'low': None, 'max': None, 'mean': None, 'min': None, 'open': None, 'previous': 90, 'previous_dollars': '0.9000'}",0,0.00,"{'close': 92, 'close_dollars': '0.9200', 'high': 93, 'high_dollars': '0.9300', 'low': 92, 'low_dollars': '0.9200', 'open': 93, 'open_dollars': '0.9300'}","{'close': 90, 'close_dollars': '0.9000', 'high': 90, 'high_dollars': '0.9000', 'low': 90, 'low_dollars': '0.9000', 'open': 90, 'open_dollars': '0.9000'}"
1763564460,3120,3120.00,"{'close': None, 'high': None, 'low': None, 'max': None, 'mean': None, 'min': None, 'open': None, 'previous': 90, 'previous_dollars': '0.9000'}",0,0.00,"{'close': 91, 'close_dollars': '0.9100', 'high': 92, 'high_dollars': '0.9200', 'low': 91, 'low_dollars': '0.9100', 'open': 92, 'open_dollars': '0.9200'}","{'close': 90, 'close_dollars': '0.9000', 'high': 90, 'high_dollars': '0.9000', 'low': 90, 'low_dollars': '0.9000', 'open': 90, 'open_dollars': '0.9000'}"
1763564580,3133,3133.00,"{'close': 87, 'close_dollars': '0.8700', 'high': 91, 'high_dollars': '0.9100', 'low': 87, 'low_dollars': '0.8700', 'max': None, 'mean': 89, 'mean_dollars': '0.8990', 'min': None, 'open': 91, 'open_dollars': '0.9100', 'previous': 90, 'previous_dollars': '0.9000'}",20,20.00,"{'close': 91, 'close_dollars': '0.9100', 'high': 91, 'high_dollars': '0.9100', 'low': 91, 'low_dollars': '0.9100', 'open': 91, 'open_dollars': '0.9100'}","{'close': 87, 'close_dollars': '0.8700', 'high': 90, 'high_dollars': '0.9000', 'low': 87, 'low_dollars': '0.8700', 'open': 90, 'open_dollars': '0.9000'}"
1763564640,3205,3205.00,"{'close': 87, 'close_dollars': '0.8700', 'high': 87, 'high_dollars': '0.8700', 'low': 87, 'low_dollars': '0.8700', 'max': None, 'mean': 87, 'mean_dollars': '0.8700', 'min': None, 'open': 87, 'open_dollars': '0.8700', 'previous': 87, 'previous_dollars': '0.8700'}",72,72.00,"{'close': 90, 'close_dollars': '0.9000', 'high': 91, 'high_dollars': '0.9100', 'low': 90, 'low_dollars': '0.9000', 'open': 91, 'open_dollars': '0.9100'}","{'close': 87, 'close_dollars': '0.8700', 'high': 87, 'high_dollars': '0.8700', 'low': 87, 'low_dollars': '0.8700', 'open': 87, 'open_dollars': '0.8700'}"
1763564700,3205,3205.00,"{'close': None, 'high': None, 'low': None, 'max': None, 'mean': None, 'min': None, 'open': None, 'previous': 87, 'previous_dollars': '0.8700'}",0,0.00,"{'close': 90, 'close_dollars': '0.9000', 'high': 90, 'high_dollars': '0.9000', 'low': 90, 'low_dollars': '0.9000', 'open': 90, 'open_dollars': '0.9000'}","{'close': 87, 'close_dollars': '0.8700', 'high': 87, 'high_dollars': '0.8700', 'low': 87, 'low_dollars': '0.8700', 'open': 87, 'open_dollars': '0.8700'}"
1763564760,3205,3205.00,"{'close': None, 'high': None, 'low': None, 'max': None, 'mean': None, 'min': None, 'open': None, 'previous': 87, 'previous_dollars': '0.8700'}",0,0.00,"{'close': 90, 'close_dollars': '0.9000', 'high': 90, 'high_dollars': '0.9000', 'low': 90, 'low_dollars': '0.9000', 'open': 90, 'open_dollars': '0.9000'}","{'close': 87, 'close_dollars': '0.8700', 'high': 87, 'high_dollars': '0.8700', 'low': 87, 'low_dollars': '0.8700', 'open': 87, 'open_dollars': '0.8700'}"
1763564820,3205,3205.00,"{'close': None, 'high': None, 'low': None, 'max': None, 'mean': None, 'min': None, 'open': None, 'previous': 87, 'previous_dollars': '0.8700'}",0,0.00,"{'close': 90, 'close_dollars': '0.9000', 'high': 90, 'high_dollars': '0.9000', 'low': 90, 'low_dollars': '0.9000', 'open': 90, 'open_dollars': '0.9000'}","{'close': 87, 'close_dollars': '0.8700', 'high': 87, 'high_dollars': '0.8700', 'low': 87, 'low_dollars': '0.8700', 'open': 87, 'open_dollars': '0.8700'}"
1763564880,3205,3205.00,"{'close': None, 'high': None, 'low': None, 'max': None, 'mean': None, 'min': None, 'open': None, 'previous': 87, 'previous_dollars': '0.8700'}",0,0.00,"{'close': 90, 'close_dollars': '0.9000', 'high': 90, 'high_dollars': '0.9000', 'low': 90, 'low_dollars': '0.9000', 'open': 90, 'open_dollars': '0.9000'}","{'close': 87, 'close_dollars': '0.8700', 'high': 87, 'high_dollars': '0.8700', 'low': 87, 'low_dollars': '0.8700', 'open': 87, 'open_dollars': '0.8700'}"
1763564940,3205,3205.00,"{'close': None, 'high': None, 'low': None, 'max': None, 'mean': None, 'min': None, 'open': None, 'previous': 87, 'previous_dollars': '0.8700'}",0,0.00,"{'close': 90, 'close_dollars': '0.9000', 'high': 90, 'high_dollars': '0.9000', 'low': 90, 'low_dollars': '0.9000', 'open': 90, 'open_dollars': '0.9000'}","{'close': 87, 'close_dollars': '0.8700', 'high': 87, 'high_dollars': '0.8700', 'low': 87, 'low_dollars': '0.8700', 'open': 87, 'open_dollars': '0.8700'}"
1763565000,3305,3305.00,"{'close': 90, 'close_dollars': '0.9000', 'high': 90, 'high_dollars': '0.9000', 'low': 90, 'low_dollars': '0.9000', 'max': None, 'mean': 90, 'mean_dollars': '0.9000', 'min': None, 'open': 90, 'open_dollars': '0.9000', 'previous': 87, 'previous_dollars': '0.8700'}",100,100.00,"{'close': 91, 'close_dollars': '0.9100', 'high': 91, 'high_dollars': '0.9100', 'low': 90, 'low_dollars': '0.9000', 'open': 90, 'open_dollars': '0.9000'}","{'close': 90, 'close_dollars': '0.9000', 'high': 90, 'high_dollars': '0.9000', 'low': 87, 'low_dollars': '0.8700', 'open': 87, 'open_dollars': '0.8700'}"
1763565060,3305,3305.00,"{'close': None, 'high': None, 'low': None, 'max': None, 'mean': None, 'min': None, 'open': None, 'previous': 90, 'previous_dollars': '0.9000'}",0,0.00,"{'close': 91, 'close_dollars': '0.9100', 'high': 91, 'high_dollars': '0.9100', 'low': 91, 'low_dollars': '0.9100', 'open': 91, 'open_dollars': '0.9100'}","{'close': 90, 'close_dollars': '0.9000', 'high': 90, 'high_dollars': '0.9000', 'low': 90, 'low_dollars': '0.9000', 'open': 90, 'open_dollars': '0.9000'}"
1763565120,3305,3305.00,"{'close': None, 'high': None, 'low': None, 'max': None, 'mean': None, 'min': None, 'open': None, 'previous': 90, 'previous_dollars': '0.9000'}",0,0.00,"{'close': 91, 'close_dollars': '0.9100', 'high': 91, 'high_dollars': '0.9100', 'low': 91, 'low_dollars': '0.9100', 'open': 91, 'open_dollars': '0.9100'}","{'close': 90, 'close_dollars': '0.9000', 'high': 90, 'high_dollars': '0.9000', 'low': 90, 'low_dollars': '0.9000', 'open': 90, 'open_dollars': '0.9000'}"
1763565180,3351,3351.00,"{'close': 90, 'close_dollars': '0.9000', 'high': 90, 'high_dollars': '0.9000', 'low': 90, 'low_dollars': '0.9000', 'max': None, 'mean': 90, 'mean_dollars': '0.9000', 'min': None, 'open': 90, 'open_dollars': '0.9000', 'previous': 90, 'previous_dollars': '0.9000'}",46,46.00,"{'close': 91, 'close_dollars': '0.9100', 'high': 91, 'high_dollars': '0.9100', 'low': 91, 'low_dollars': '0.9100', 'open': 91, 'open_dollars': '0.9100'}","{'close': 90, 'close_dollars': '0.9000', 'high': 90, 'high_dollars': '0.9000', 'low': 90, 'low_dollars': '0.9000', 'open': 90, 'open_dollars': '0.9000'}"
1763565240,3539,3539.00,"{'close': 90, 'close_dollars': '0.9000', 'high': 90, 'high_dollars': '0.9000', 'low': 90, 'low_dollars': '0.9000', 'max': None, 'mean': 90, 'mean_dollars': '0.9000', 'min': None, 'open': 90, 'open_dollars': '0.9000', 'previous': 90, 'previous_dollars': '0.9000'}",188,188.00,"{'close': 91, 'close_dollars': '0.9100', 'high': 91, 'high_dollars': '0.9100', 'low': 91, 'low_dollars': '0.9100', 'open': 91, 'open_dollars': '0.9100'}","{'close': 90, 'close_dollars': '0.9000', 'high': 90, 'high_dollars': '0.9000', 'low': 90, 'low_dollars': '0.9000', 'open': 90, 'open_dollars': '0.9000'}"
1763565300,3539,3539.00,"{'close': None, 'high': None, 'low': None, 'max': None, 'mean': None, 'min': None, 'open': None, 'previous': 90, 'previous_dollars': '0.9000'}",0,0.00,"{'close': 91, 'close_dollars': '0.9100', 'high': 91, 'high_dollars': '0.9100', 'low': 91, 'low_dollars': '0.9100', 'open': 91, 'open_dollars': '0.9100'}","{'close': 90, 'close_dollars': '0.9000', 'high': 90, 'high_dollars': '0.9000', 'low': 90, 'low_dollars': '0.9000', 'open': 90, 'open_dollars': '0.9000'}"
1763565480,3617,3617.00,"{'close': 89, 'close_dollars': '0.8900', 'high': 90, 'high_dollars': '0.9000', 'low': 89, 'low_dollars': '0.8900', 'max': None, 'mean': 89, 'mean_dollars': '0.8977', 'min': None, 'open': 90, 'open_dollars': '0.9000', 'previous': 90, 'previous_dollars': '0.9000'}",101,101.00,"{'close': 91, 'close_dollars': '0.9100', 'high': 91, 'high_dollars': '0.9100', 'low': 91, 'low_dollars': '0.9100', 'open': 91, 'open_dollars': '0.9100'}","{'close': 89, 'close_dollars': '0.8900', 'high': 90, 'high_dollars': '0.9000', 'low': 89, 'low_dollars': '0.8900', 'open': 90, 'open_dollars': '0.9000'}"
1763565780,3617,3617.00,"{'close': None, 'high': None, 'low': None, 'max': None, 'mean': None, 'min': None, 'open': None, 'previous': 89, 'previous_dollars': '0.8900'}",0,0.00,"{'close': 91, 'close_dollars': '0.9100', 'high': 91, 'high_dollars': '0.9100', 'low': 91, 'low_dollars': '0.9100', 'open': 91, 'open_dollars': '0.9100'}","{'close': 89, 'close_dollars': '0.8900', 'high': 89, 'high_dollars': '0.8900', 'low': 89, 'low_dollars': '0.8900', 'open': 89, 'open_dollars': '0.8900'}"
1763565900,3617,3617.00,"{'close': None, 'high': None, 'low': None, 'max': None, 'mean': None, 'min': None, 'open': None, 'previous': 89, 'previous_dollars': '0.8900'}",0,0.00,"{'close': 91, 'close_dollars': '0.9100', 'high': 91, 'high_dollars': '0.9100', 'low': 91, 'low_dollars': '0.9100', 'open': 91, 'open_dollars': '0.9100'}","{'close': 85, 'close_dollars': '0.8500', 'high': 89, 'high_dollars': '0.8900', 'low': 85, 'low_dollars': '0.8500', 'open': 89, 'open_dollars': '0.8900'}"
1763566080,3617,3617.00,"{'close': None, 'high': None, 'low': None, 'max': None, 'mean': None, 'min': None, 'open': None, 'previous': 89, 'previous_dollars': '0.8900'}",0,0.00,"{'close': 91, 'close_dollars': '0.9100', 'high': 91, 'high_dollars': '0.9100', 'low': 91, 'low_dollars': '0.9100', 'open': 91, 'open_dollars': '0.9100'}","{'close': 87, 'close_dollars': '0.8700', 'high': 87, 'high_dollars': '0.8700', 'low': 85, 'low_dollars': '0.8500', 'open': 85, 'open_dollars': '0.8500'}"
1763566200,3617,3617.00,"{'close': None, 'high': None, 'low': None, 'max': None, 'mean': None, 'min': None, 'open': None, 'previous': 89, 'previous_dollars': '0.8900'}",0,0.00,"{'close': 91, 'close_dollars': '0.9100', 'high': 91, 'high_dollars': '0.9100', 'low': 91, 'low_dollars': '0.9100', 'open': 91, 'open_dollars': '0.9100'}","{'close': 87, 'close_dollars': '0.8700', 'high': 87, 'high_dollars': '0.8700', 'low': 87, 'low_dollars': '0.8700', 'open': 87, 'open_dollars': '0.8700'}"
1763566260,3617,3617.00,"{'close': None, 'high': None, 'low': None, 'max': None, 'mean': None, 'min': None, 'open': None, 'previous': 89, 'previous_dollars': '0.8900'}",0,0.00,"{'close': 91, 'close_dollars': '0.9100', 'high': 91, 'high_dollars': '0.9100', 'low': 91, 'low_dollars': '0.9100', 'open': 91, 'open_dollars': '0.9100'}","{'close': 87, 'close_dollars': '0.8700', 'high': 87, 'high_dollars': '0.8700', 'low': 87, 'low_dollars': '0.8700', 'open': 87, 'open_dollars': '0.8700'}"
1763566320,3617,3617.00,"{'close': None, 'high': None, 'low': None, 'max': None, 'mean': None, 'min': None, 'open': None, 'previous': 89, 'previous_dollars': '0.8900'}",0,0.00,"{'close': 91, 'close_dollars': '0.9100', 'high': 91, 'high_dollars': '0.9100', 'low': 91, 'low_dollars': '0.9100', 'open': 91, 'open_dollars': '0.9100'}","{'close': 87, 'close_dollars': '0.8700', 'high': 87, 'high_dollars': '0.8700', 'low': 87, 'low_dollars': '0.8700', 'open': 87, 'open_dollars': '0.8700'}"
1763566380,3617,3617.00,"{'close': None, 'high': None, 'low': None, 'max': None, 'mean': None, 'min': None, 'open': None, 'previous': 89, 'previous_dollars': '0.8900'}",0,0.00,"{'close': 91, 'close_dollars': '0.9100', 'high': 91, 'high_dollars': '0.9100', 'low': 91, 'low_dollars': '0.9100', 'open': 91, 'open_dollars': '0.9100'}","{'close': 86, 'close_dollars': '0.8600', 'high': 87, 'high_dollars': '0.8700', 'low': 86, 'low_dollars': '0.8600', 'open': 87, 'open_dollars': '0.8700'}"
1763566440,3617,3617.00,"{'close': None, 'high': None, 'low': None, 'max': None, 'mean': None, 'min': None, 'open': None, 'previous': 89, 'previous_dollars': '0.8900'}",0,0.00,"{'close': 90, 'close_dollars': '0.9000', 'high': 91, 'high_dollars': '0.9100', 'low': 90, 'low_dollars': '0.9000', 'open': 91, 'open_dollars': '0.9100'}","{'close': 85, 'close_dollars': '0.8500', 'high': 86, 'high_dollars': '0.8600', 'low': 85, 'low_dollars': '0.8500', 'open': 86, 'open_dollars': '0.8600'}"
1763566680,3617,3617.00,"{'close': 89, 'close_dollars': '0.8900', 'high': 89, 'high_dollars': '0.8900', 'low': 89, 'low_dollars': '0.8900', 'max': None, 'mean': 89, 'mean_dollars': '0.8900', 'min': None, 'open': 89, 'open_dollars': '0.8900', 'previous': 89, 'previous_dollars': '0.8900'}",9,9.00,"{'close': 91, 'close_dollars': '0.9100', 'high': 91, 'high_dollars': '0.9100', 'low': 89, 'low_dollars': '0.8900', 'open': 90, 'open_dollars': '0.9000'}","{'close': 85, 'close_dollars': '0.8500', 'high': 85, 'high_dollars': '0.8500', 'low': 84, 'low_dollars': '0.8400', 'open': 85, 'open_dollars': '0.8500'}"
1763566740,3617,3617.00,"{'close': None, 'high': None, 'low': None, 'max': None, 'mean': None, 'min': None, 'open': None, 'previous': 89, 'previous_dollars': '0.8900'}",0,0.00,"{'close': 91, 'close_dollars': '0.9100', 'high': 91, 'high_dollars': '0.9100', 'low': 91, 'low_dollars': '0.9100', 'open': 91, 'open_dollars': '0.9100'}","{'close': 85, 'close_dollars': '0.8500', 'high': 85, 'high_dollars': '0.8500', 'low': 85, 'low_dollars': '0.8500', 'open': 85, 'open_dollars': '0.8500'}"
1763566860,3617,3617.00,"{'close': None, 'high': None, 'low': None, 'max': None, 'mean': None, 'min': None, 'open': None, 'previous': 89, 'previous_dollars': '0.8900'}",0,0.00,"{'close': 91, 'close_dollars': '0.9100', 'high': 91, 'high_dollars': '0.9100', 'low': 91, 'low_dollars': '0.9100', 'open': 91, 'open_dollars': '0.9100'}","{'close': 85, 'close_dollars': '0.8500', 'high': 85, 'high_dollars': '0.8500', 'low': 84, 'low_dollars': '0.8400', 'open': 85, 'open_dollars': '0.8500'}"
1763567040,3617,3617.00,"{'close': None, 'high': None, 'low': None, 'max': None, 'mean': None, 'min': None, 'open': None, 'previous': 89, 'previous_dollars': '0.8900'}",0,0.00,"{'close': 91, 'close_dollars': '0.9100', 'high': 91, 'high_dollars': '0.9100', 'low': 91, 'low_dollars': '0.9100', 'open': 91, 'open_dollars': '0.9100'}","{'close': 85, 'close_dollars': '0.8500', 'high': 85, 'high_dollars': '0.8500', 'low': 85, 'low_dollars': '0.8500', 'open': 85, 'open_dollars': '0.8500'}"
1763567400,3617,3617.00,"{'close': None, 'high': None, 'low': None, 'max': None, 'mean': None, 'min': None, 'open': None, 'previous': 89, 'previous_dollars': '0.8900'}",0,0.00,"{'close': 91, 'close_dollars': '0.9100', 'high': 91, 'high_dollars': '0.9100', 'low': 91, 'low_dollars': '0.9100', 'open': 91, 'open_dollars': '0.9100'}","{'close': 85, 'close_dollars': '0.8500', 'high': 85, 'high_dollars': '0.8500', 'low': 85, 'low_dollars': '0.8500', 'open': 85, 'open_dollars': '0.8500'}"
1763567520,3617,3617.00,"{'close': None, 'high': None, 'low': None, 'max': None, 'mean': None, 'min': None, 'open': None, 'previous': 89, 'previous_dollars': '0.8900'}",0,0.00,"{'close': 91, 'close_dollars': '0.9100', 'high': 91, 'high_dollars': '0.9100', 'low': 91, 'low_dollars': '0.9100', 'open': 91, 'open_dollars': '0.9100'}","{'close': 85, 'close_dollars': '0.8500', 'high': 85, 'high_dollars': '0.8500', 'low': 85, 'low_dollars': '0.8500', 'open': 85, 'open_dollars': '0.8500'}"
1763567640,3617,3617.00,"{'close': None, 'high': None, 'low': None, 'max': None, 'mean': None, 'min': None, 'open': None, 'previous': 89, 'previous_dollars': '0.8900'}",0,0.00,"{'close': 91, 'close_dollars': '0.9100', 'high': 91, 'high_dollars': '0.9100', 'low': 91, 'low_dollars': '0.9100', 'open': 91, 'open_dollars': '0.9100'}","{'close': 84, 'close_dollars': '0.8400', 'high': 85, 'high_dollars': '0.8500', 'low': 84, 'low_dollars': '0.8400', 'open': 85, 'open_dollars': '0.8500'}"
1763567700,3617,3617.00,"{'close': 84, 'close_dollars': '0.8400', 'high': 84, 'high_dollars': '0.8400', 'low': 84, 'low_dollars': '0.8400', 'max': None, 'mean': 84, 'mean_dollars': '0.8400', 'min': None, 'open': 84, 'open_dollars': '0.8400', 'previous': 89, 'previous_dollars': '0.8900'}",29,29.00,"{'close': 91, 'close_dollars': '0.9100', 'high': 91, 'high_dollars': '0.9100', 'low': 91, 'low_dollars': '0.9100', 'open': 91, 'open_dollars': '0.9100'}","{'close': 84, 'close_dollars': '0.8400', 'high': 84, 'high_dollars': '0.8400', 'low': 84, 'low_dollars': '0.8400', 'open': 84, 'open_dollars': '0.8400'}"
1763567760,3617,3617.00,"{'close': None, 'high': None, 'low': None, 'max': None, 'mean': None, 'min': None, 'open': None, 'previous': 84, 'previous_dollars': '0.8400'}",0,0.00,"{'close': 91, 'close_dollars': '0.9100', 'high': 91, 'high_dollars': '0.9100', 'low': 91, 'low_dollars': '0.9100', 'open': 91, 'open_dollars': '0.9100'}","{'close': 79, 'close_dollars': '0.7900', 'high': 86, 'high_dollars': '0.8600', 'low': 79, 'low_dollars': '0.7900', 'open': 84, 'open_dollars': '0.8400'}"
1763567820,3617,3617.00,"{'close': None, 'high': None, 'low': None, 'max': None, 'mean': None, 'min': None, 'open': None, 'previous': 84, 'previous_dollars': '0.8400'}",0,0.00,"{'close': 91, 'close_dollars': '0.9100', 'high': 91, 'high_dollars': '0.9100', 'low': 91, 'low_dollars': '0.9100', 'open': 91, 'open_dollars': '0.9100'}","{'close': 87, 'close_dollars': '0.8700', 'high': 87, 'high_dollars': '0.8700', 'low': 78, 'low_dollars': '0.7800', 'open': 79, 'open_dollars': '0.7900'}"
1763567880,3617,3617.00,"{'close': None, 'high': None, 'low': None, 'max': None, 'mean': None, 'min': None, 'open': None, 'previous': 84, 'previous_dollars': '0.8400'}",0,0.00,"{'close': 91, 'close_dollars': '0.9100', 'high': 91, 'high_dollars': '0.9100', 'low': 91, 'low_dollars': '0.9100', 'open': 91, 'open_dollars': '0.9100'}","{'close': 84, 'close_dollars': '0.8400', 'high': 87, 'high_dollars': '0.8700', 'low': 84, 'low_dollars': '0.8400', 'open': 87, 'open_dollars': '0.8700'}"
1763567940,3617,3617.00,"{'close': 84, 'close_dollars': '0.8400', 'high': 85, 'high_dollars': '0.8500', 'low': 84, 'low_dollars': '0.8400', 'max': None, 'mean': 84, 'mean_dollars': '0.8449', 'min': None, 'open': 85, 'open_dollars': '0.8500', 'previous': 84, 'previous_dollars': '0.8400'}",103,103.00,"{'close': 91, 'close_dollars': '0.9100', 'high': 91, 'high_dollars': '0.9100', 'low': 91, 'low_dollars': '0.9100', 'open': 91, 'open_dollars': '0.9100'}","{'close': 85, 'close_dollars': '0.8500', 'high': 85, 'high_dollars': '0.8500', 'low': 84, 'low_dollars': '0.8400', 'open': 84, 'open_dollars': '0.8400'}"
1763568000,3617,3617.00,"{'close': None, 'high': None, 'low': None, 'max': None, 'mean': None, 'min': None, 'open': None, 'previous': 84, 'previous_dollars': '0.8400'}",0,0.00,"{'close': 90, 'close_dollars': '0.9000', 'high': 91, 'high_dollars': '0.9100', 'low': 90, 'low_dollars': '0.9000', 'open': 91, 'open_dollars': '0.9100'}","{'close': 85, 'close_dollars': '0.8500', 'high': 85, 'high_dollars': '0.8500', 'low': 85, 'low_dollars': '0.8500', 'open': 85, 'open_dollars': '0.8500'}"
1763568060,3617,3617.00,"{'close': None, 'high': None, 'low': None, 'max': None, 'mean': None, 'min': None, 'open': None, 'previous': 84, 'previous_dollars': '0.8400'}",0,0.00,"{'close': 90, 'close_dollars': '0.9000', 'high': 90, 'high_dollars': '0.9000', 'low': 90, 'low_dollars': '0.9000', 'open': 90, 'open_dollars': '0.9000'}","{'close': 85, 'close_dollars': '0.8500', 'high': 86, 'high_dollars': '0.8600', 'low': 85, 'low_dollars': '0.8500', 'open': 85, 'open_dollars': '0.8500'}"
1763568180,3617,3617.00,"{'close': None, 'high': None, 'low': None, 'max': None, 'mean': None, 'min': None, 'open': None, 'previous': 84, 'previous_dollars': '0.8400'}",0,0.00,"{'close': 90, 'close_dollars': '0.9000', 'high': 90, 'high_dollars': '0.9000', 'low': 90, 'low_dollars': '0.9000', 'open': 90, 'open_dollars': '0.9000'}","{'close': 86, 'close_dollars': '0.8600', 'high': 86, 'high_dollars': '0.8600', 'low': 84, 'low_dollars': '0.8400', 'open': 85, 'open_dollars': '0.8500'}"
1763568240,3617,3617.00,"{'close': None, 'high': None, 'low': None, 'max': None, 'mean': None, 'min': None, 'open': None, 'previous': 84, 'previous_dollars': '0.8400'}",0,0.00,"{'close': 90, 'close_dollars': '0.9000', 'high': 90, 'high_dollars': '0.9000', 'low': 90, 'low_dollars': '0.9000', 'open': 90, 'open_dollars': '0.9000'}","{'close': 85, 'close_dollars': '0.8500', 'high': 89, 'high_dollars': '0.8900', 'low': 85, 'low_dollars': '0.8500', 'open': 86, 'open_dollars': '0.8600'}"
1763568300,3617,3617.00,"{'close': None, 'high': None, 'low': None, 'max': None, 'mean': None, 'min': None, 'open': None, 'previous': 84, 'previous_dollars': '0.8400'}",0,0.00,"{'close': 89, 'close_dollars': '0.8900', 'high': 90, 'high_dollars': '0.9000', 'low': 89, 'low_dollars': '0.8900', 'open': 90, 'open_dollars': '0.9000'}","{'close': 84, 'close_dollars': '0.8400', 'high': 85, 'high_dollars': '0.8500', 'low': 84, 'low_dollars': '0.8400', 'open': 85, 'open_dollars': '0.8500'}"
1763568360,3617,3617.00,"{'close': None, 'high': None, 'low': None, 'max': None, 'mean': None, 'min': None, 'open': None, 'previous': 84, 'previous_dollars': '0.8400'}",0,0.00,"{'close': 89, 'close_dollars': '0.8900', 'high': 89, 'high_dollars': '0.8900', 'low': 89, 'low_dollars': '0.8900', 'open': 89, 'open_dollars': '0.8900'}","{'close': 85, 'close_dollars': '0.8500', 'high': 86, 'high_dollars': '0.8600', 'low': 84, 'low_dollars': '0.8400', 'open': 84, 'open_dollars': '0.8400'}"
1763568420,3617,3617.00,"{'close': None, 'high': None, 'low': None, 'max': None, 'mean': None, 'min': None, 'open': None, 'previous': 84, 'previous_dollars': '0.8400'}",0,0.00,"{'close': 89, 'close_dollars': '0.8900', 'high': 89, 'high_dollars': '0.8900', 'low': 89, 'low_dollars': '0.8900', 'open': 89, 'open_dollars': '0.8900'}","{'close': 86, 'close_dollars': '0.8600', 'high': 86, 'high_dollars': '0.8600', 'low': 84, 'low_dollars': '0.8400', 'open': 85, 'open_dollars': '0.8500'}"
1763568480,3617,3617.00,"{'close': None, 'high': None, 'low': None, 'max': None, 'mean': None, 'min': None, 'open': None, 'previous': 84, 'previous_dollars': '0.8400'}",0,0.00,"{'close': 89, 'close_dollars': '0.8900', 'high': 89, 'high_dollars': '0.8900', 'low': 89, 'low_dollars': '0.8900', 'open': 89, 'open_dollars': '0.8900'}","{'close': 85, 'close_dollars': '0.8500', 'high': 86, 'high_dollars': '0.8600', 'low': 85, 'low_dollars': '0.8500', 'open': 86, 'open_dollars': '0.8600'}"
1763568540,3617,3617.00,"{'close': None, 'high': None, 'low': None, 'max': None, 'mean': None, 'min': None, 'open': None, 'previous': 84, 'previous_dollars': '0.8400'}",0,0.00,"{'close': 89, 'close_dollars': '0.8900', 'high': 89, 'high_dollars': '0.8900', 'low': 89, 'low_dollars': '0.8900', 'open': 89, 'open_dollars': '0.8900'}","{'close': 86, 'close_dollars': '0.8600', 'high': 88, 'high_dollars': '0.8800', 'low': 84, 'low_dollars': '0.8400', 'open': 85, 'open_dollars': '0.8500'}"
1763568600,3617,3617.00,"{'close': None, 'high': None, 'low': None, 'max': None, 'mean': None, 'min': None, 'open': None, 'previous': 84, 'previous_dollars': '0.8400'}",0,0.00,"{'close': 88, 'close_dollars': '0.8800', 'high': 89, 'high_dollars': '0.8900', 'low': 88, 'low_dollars': '0.8800', 'open': 89, 'open_dollars': '0.8900'}","{'close': 86, 'close_dollars': '0.8600', 'high': 86, 'high_dollars': '0.8600', 'low': 86, 'low_dollars': '0.8600', 'open': 86, 'open_dollars': '0.8600'}"
1763568660,3617,3617.00,"{'close': None, 'high': None, 'low': None, 'max': None, 'mean': None, 'min': None, 'open': None, 'previous': 84, 'previous_dollars': '0.8400'}",0,0.00,"{'close': 89, 'close_dollars': '0.8900', 'high': 89, 'high_dollars': '0.8900', 'low': 88, 'low_dollars': '0.8800', 'open': 88, 'open_dollars': '0.8800'}","{'close': 86, 'close_dollars': '0.8600', 'high': 86, 'high_dollars': '0.8600', 'low': 86, 'low_dollars': '0.8600', 'open': 86, 'open_dollars': '0.8600'}"
1763568720,3617,3617.00,"{'close': None, 'high': None, 'low': None, 'max': None, 'mean': None, 'min': None, 'open': None, 'previous': 84, 'previous_dollars': '0.8400'}",0,0.00,"{'close': 89, 'close_dollars': '0.8900', 'high': 89, 'high_dollars': '0.8900', 'low': 89, 'low_dollars': '0.8900', 'open': 89, 'open_dollars': '0.8900'}","{'close': 87, 'close_dollars': '0.8700', 'high': 87, 'high_dollars': '0.8700', 'low': 86, 'low_dollars': '0.8600', 'open': 86, 'open_dollars': '0.8600'}"
1763568780,3617,3617.00,"{'close': None, 'high': None, 'low': None, 'max': None, 'mean': None, 'min': None, 'open': None, 'previous': 84, 'previous_dollars': '0.8400'}",0,0.00,"{'close': 89, 'close_dollars': '0.8900', 'high': 89, 'high_dollars': '0.8900', 'low': 89, 'low_dollars': '0.8900', 'open': 89, 'open_dollars': '0.8900'}","{'close': 86, 'close_dollars': '0.8600', 'high': 87, 'high_dollars': '0.8700', 'low': 86, 'low_dollars': '0.8600', 'open': 87, 'open_dollars': '0.8700'}"
1763568840,3617,3617.00,"{'close': 85, 'close_dollars': '0.8500', 'high': 86, 'high_dollars': '0.8600', 'low': 84, 'low_dollars': '0.8400', 'max': None, 'mean': 85, 'mean_dollars': '0.8507', 'min': None, 'open': 86, 'open_dollars': '0.8600', 'previous': 84, 'previous_dollars': '0.8400'}",67,67.00,"{'close': 89, 'close_dollars': '0.8900', 'high': 89, 'high_dollars': '0.8900', 'low': 89, 'low_dollars': '0.8900', 'open': 89, 'open_dollars': '0.8900'}","{'close': 84, 'close_dollars': '0.8400', 'high': 86, 'high_dollars': '0.8600', 'low': 84, 'low_dollars': '0.8400', 'open': 86, 'open_dollars': '0.8600'}"
1763568900,3617,3617.00,"{'close': 84, 'close_dollars': '0.8400', 'high': 84, 'high_dollars': '0.8400', 'low': 84, 'low_dollars': '0.8400', 'max': None, 'mean': 84, 'mean_dollars': '0.8400', 'min': None, 'open': 84, 'open_dollars': '0.8400', 'previous': 85, 'previous_dollars': '0.8500'}",4,4.00,"{'close': 89, 'close_dollars': '0.8900', 'high': 89, 'high_dollars': '0.8900', 'low': 89, 'low_dollars': '0.8900', 'open': 89, 'open_dollars': '0.8900'}","{'close': 84, 'close_dollars': '0.8400', 'high': 84, 'high_dollars': '0.8400', 'low': 84, 'low_dollars': '0.8400', 'open': 84, 'open_dollars': '0.8400'}"
1763568960,3617,3617.00,"{'close': None, 'high': None, 'low': None, 'max': None, 'mean': None, 'min': None, 'open': None, 'previous': 84, 'previous_dollars': '0.8400'}",0,0.00,"{'close': 89, 'close_dollars': '0.8900', 'high': 89, 'high_dollars': '0.8900', 'low': 89, 'low_dollars': '0.8900', 'open': 89, 'open_dollars': '0.8900'}","{'close': 85, 'close_dollars': '0.8500', 'high': 85, 'high_dollars': '0.8500', 'low': 84, 'low_dollars': '0.8400', 'open': 84, 'open_dollars': '0.8400'}"
1763569020,3617,3617.00,"{'close': None, 'high': None, 'low': None, 'max': None, 'mean': None, 'min': None, 'open': None, 'previous': 84, 'previous_dollars': '0.8400'}",0,0.00,"{'close': 89, 'close_dollars': '0.8900', 'high': 89, 'high_dollars': '0.8900', 'low': 89, 'low_dollars': '0.8900', 'open': 89, 'open_dollars': '0.8900'}","{'close': 84, 'close_dollars': '0.8400', 'high': 85, 'high_dollars': '0.8500', 'low': 84, 'low_dollars': '0.8400', 'open': 85, 'open_dollars': '0.8500'}"
1763569140,3617,3617.00,"{'close': None, 'high': None, 'low': None, 'max': None, 'mean': None, 'min': None, 'open': None, 'previous': 84, 'previous_dollars': '0.8400'}",0,0.00,"{'close': 89, 'close_dollars': '0.8900', 'high': 89, 'high_dollars': '0.8900', 'low': 89, 'low_dollars': '0.8900', 'open': 89, 'open_dollars': '0.8900'}","{'close': 85, 'close_dollars': '0.8500', 'high': 85, 'high_dollars': '0.8500', 'low': 84, 'low_dollars': '0.8400', 'open': 84, 'open_dollars': '0.8400'}"
1763569200,3617,3617.00,"{'close': None, 'high': None, 'low': None, 'max': None, 'mean': None, 'min': None, 'open': None, 'previous': 84, 'previous_dollars': '0.8400'}",0,0.00,"{'close': 88, 'close_dollars': '0.8800', 'high': 89, 'high_dollars': '0.8900', 'low': 88, 'low_dollars': '0.8800', 'open': 89, 'open_dollars': '0.8900'}","{'close': 85, 'close_dollars': '0.8500', 'high': 85, 'high_dollars': '0.8500', 'low': 85, 'low_dollars': '0.8500', 'open': 85, 'open_dollars': '0.8500'}"
1763569260,3617,3617.00,"{'close': None, 'high': None, 'low': None, 'max': None, 'mean': None, 'min': None, 'open': None, 'previous': 84, 'previous_dollars': '0.8400'}",0,0.00,"{'close': 88, 'close_dollars': '0.8800', 'high': 88, 'high_dollars': '0.8800', 'low': 88, 'low_dollars': '0.8800', 'open': 88, 'open_dollars': '0.8800'}","{'close': 85, 'close_dollars': '0.8500', 'high': 85, 'high_dollars': '0.8500', 'low': 85, 'low_dollars': '0.8500', 'open': 85, 'open_dollars': '0.8500'}"
1763569320,3617,3617.00,"{'close': 85, 'close_dollars': '0.8500', 'high': 85, 'high_dollars': '0.8500', 'low': 85, 'low_dollars': '0.8500', 'max': None, 'mean': 85, 'mean_dollars': '0.8500', 'min': None, 'open': 85, 'open_dollars': '0.8500', 'previous': 84, 'previous_dollars': '0.8400'}",10,10.00,"{'close': 88, 'close_dollars': '0.8800', 'high': 88, 'high_dollars': '0.8800', 'low': 88, 'low_dollars': '0.8800', 'open': 88, 'open_dollars': '0.8800'}","{'close': 85, 'close_dollars': '0.8500', 'high': 85, 'high_dollars': '0.8500', 'low': 85, 'low_dollars': '0.8500', 'open': 85, 'open_dollars': '0.8500'}"
1763569380,3617,3617.00,"{'close': None, 'high': None, 'low': None, 'max': None, 'mean': None, 'min': None, 'open': None, 'previous': 85, 'previous_dollars': '0.8500'}",0,0.00,"{'close': 88, 'close_dollars': '0.8800', 'high': 88, 'high_dollars': '0.8800', 'low': 88, 'low_dollars': '0.8800', 'open': 88, 'open_dollars': '0.8800'}","{'close': 85, 'close_dollars': '0.8500', 'high': 85, 'high_dollars': '0.8500', 'low': 85, 'low_dollars': '0.8500', 'open': 85, 'open_dollars': '0.8500'}"
1763569440,3617,3617.00,"{'close': None, 'high': None, 'low': None, 'max': None, 'mean': None, 'min': None, 'open': None, 'previous': 85, 'previous_dollars': '0.8500'}",0,0.00,"{'close': 86, 'close_dollars': '0.8600', 'high': 88, 'high_dollars': '0.8800', 'low': 86, 'low_dollars': '0.8600', 'open': 88, 'open_dollars': '0.8800'}","{'close': 85, 'close_dollars': '0.8500', 'high': 85, 'high_dollars': '0.8500', 'low': 85, 'low_dollars': '0.8500', 'open': 85, 'open_dollars': '0.8500'}"
1763569500,3617,3617.00,"{'close': 84, 'close_dollars': '0.8400', 'high': 85, 'high_dollars': '0.8500', 'low': 84, 'low_dollars': '0.8400', 'max': None, 'mean': 84, 'mean_dollars': '0.8440', 'min': None, 'open': 85, 'open_dollars': '0.8500', 'previous': 85, 'previous_dollars': '0.8500'}",5,5.00,"{'close': 86, 'close_dollars': '0.8600', 'high': 86, 'high_dollars': '0.8600', 'low': 86, 'low_dollars': '0.8600', 'open': 86, 'open_dollars': '0.8600'}","{'close': 84, 'close_dollars': '0.8400', 'high': 85, 'high_dollars': '0.8500', 'low': 84, 'low_dollars': '0.8400', 'open': 85, 'open_dollars': '0.8500'}"
1763569620,3617,3617.00,"{'close': None, 'high': None, 'low': None, 'max': None, 'mean': None, 'min': None, 'open': None, 'previous': 84, 'previous_dollars': '0.8400'}",0,0.00,"{'close': 86, 'close_dollars': '0.8600', 'high': 86, 'high_dollars': '0.8600', 'low': 86, 'low_dollars': '0.8600', 'open': 86, 'open_dollars': '0.8600'}","{'close': 84, 'close_dollars': '0.8400', 'high': 84, 'high_dollars': '0.8400', 'low': 84, 'low_dollars': '0.8400', 'open': 84, 'open_dollars': '0.8400'}"
1763569740,3617,3617.00,"{'close': None, 'high': None, 'low': None, 'max': None, 'mean': None, 'min': None, 'open': None, 'previous': 84, 'previous_dollars': '0.8400'}",0,0.00,"{'close': 86, 'close_dollars': '0.8600', 'high': 86, 'high_dollars': '0.8600', 'low': 86, 'low_dollars': '0.8600', 'open': 86, 'open_dollars': '0.8600'}","{'close': 84, 'close_dollars': '0.8400', 'high': 84, 'high_dollars': '0.8400', 'low': 84, 'low_dollars': '0.8400', 'open': 84, 'open_dollars': '0.8400'}"
1763569860,3617,3617.00,"{'close': None, 'high': None, 'low': None, 'max': None, 'mean': None, 'min': None, 'open': None, 'previous': 84, 'previous_dollars': '0.8400'}",0,0.00,"{'close': 89, 'close_dollars': '0.8900', 'high': 89, 'high_dollars': '0.8900', 'low': 86, 'low_dollars': '0.8600', 'open': 86, 'open_dollars': '0.8600'}","{'close': 84, 'close_dollars': '0.8400', 'high': 84, 'high_dollars': '0.8400', 'low': 84, 'low_dollars': '0.8400', 'open': 84, 'open_dollars': '0.8400'}"
1763570040,3617,3617.00,"{'close': None, 'high': None, 'low': None, 'max': None, 'mean': None, 'min': None, 'open': None, 'previous': 84, 'previous_dollars': '0.8400'}",0,0.00,"{'close': 89, 'close_dollars': '0.8900', 'high': 89, 'high_dollars': '0.8900', 'low': 89, 'low_dollars': '0.8900', 'open': 89, 'open_dollars': '0.8900'}","{'close': 85, 'close_dollars': '0.8500', 'high': 85, 'high_dollars': '0.8500', 'low': 84, 'low_dollars': '0.8400', 'open': 84, 'open_dollars': '0.8400'}"
1763570100,3617,3617.00,"{'close': None, 'high': None, 'low': None, 'max': None, 'mean': None, 'min': None, 'open': None, 'previous': 84, 'previous_dollars': '0.8400'}",0,0.00,"{'close': 88, 'close_dollars': '0.8800', 'high': 89, 'high_dollars': '0.8900', 'low': 88, 'low_dollars': '0.8800', 'open': 89, 'open_dollars': '0.8900'}","{'close': 84, 'close_dollars': '0.8400', 'high': 85, 'high_dollars': '0.8500', 'low': 84, 'low_dollars': '0.8400', 'open': 85, 'open_dollars': '0.8500'}"
1763570220,3658,3658.00,"{'close': 83, 'close_dollars': '0.8300', 'high': 84, 'high_dollars': '0.8400', 'low': 83, 'low_dollars': '0.8300', 'max': None, 'mean': 83, 'mean_dollars': '0.8357', 'min': None, 'open': 84, 'open_dollars': '0.8400', 'previous': 84, 'previous_dollars': '0.8400'}",114,114.00,"{'close': 87, 'close_dollars': '0.8700', 'high': 88, 'high_dollars': '0.8800', 'low': 87, 'low_dollars': '0.8700', 'open': 88, 'open_dollars': '0.8800'}","{'close': 82, 'close_dollars': '0.8200', 'high': 84, 'high_dollars': '0.8400', 'low': 82, 'low_dollars': '0.8200', 'open': 84, 'open_dollars': '0.8400'}"
1763570280,3658,3658.00,"{'close': None, 'high': None, 'low': None, 'max': None, 'mean': None, 'min': None, 'open': None, 'previous': 83, 'previous_dollars': '0.8300'}",0,0.00,"{'close': 87, 'close_dollars': '0.8700', 'high': 87, 'high_dollars': '0.8700', 'low': 87, 'low_dollars': '0.8700', 'open': 87, 'open_dollars': '0.8700'}","{'close': 82, 'close_dollars': '0.8200', 'high': 82, 'high_dollars': '0.8200', 'low': 82, 'low_dollars': '0.8200', 'open': 82, 'open_dollars': '0.8200'}"
1763570400,3658,3658.00,"{'close': None, 'high': None, 'low': None, 'max': None, 'mean': None, 'min': None, 'open': None, 'previous': 83, 'previous_dollars': '0.8300'}",0,0.00,"{'close': 85, 'close_dollars': '0.8500', 'high': 87, 'high_dollars': '0.8700', 'low': 85, 'low_dollars': '0.8500', 'open': 87, 'open_dollars': '0.8700'}","{'close': 82, 'close_dollars': '0.8200', 'high': 82, 'high_dollars': '0.8200', 'low': 82, 'low_dollars': '0.8200', 'open': 82, 'open_dollars': '0.8200'}"
1763570460,3458,3458.00,"{'close': 82, 'close_dollars': '0.8200', 'high': 82, 'high_dollars': '0.8200', 'low': 82, 'low_dollars': '0.8200', 'max': None, 'mean': 82, 'mean_dollars': '0.8200', 'min': None, 'open': 82, 'open_dollars': '0.8200', 'previous': 83, 'previous_dollars': '0.8300'}",250,250.00,"{'close': 83, 'close_dollars': '0.8300', 'high': 85, 'high_dollars': '0.8500', 'low': 82, 'low_dollars': '0.8200', 'open': 85, 'open_dollars': '0.8500'}","{'close': 78, 'close_dollars': '0.7800', 'high': 82, 'high_dollars': '0.8200', 'low': 78, 'low_dollars': '0.7800', 'open': 82, 'open_dollars': '0.8200'}"
1763570520,3575,3575.00,"{'close': 77, 'close_dollars': '0.7700', 'high': 78, 'high_dollars': '0.7800', 'low': 77, 'low_dollars': '0.7700', 'max': None, 'mean': 77, 'mean_dollars': '0.7750', 'min': None, 'open': 78, 'open_dollars': '0.7800', 'previous': 82, 'previous_dollars': '0.8200'}",135,135.00,"{'close': 82, 'close_dollars': '0.8200', 'high': 83, 'high_dollars': '0.8300', 'low': 82, 'low_dollars': '0.8200', 'open': 83, 'open_dollars': '0.8300'}","{'close': 77, 'close_dollars': '0.7700', 'high': 78, 'high_dollars': '0.7800', 'low': 77, 'low_dollars': '0.7700', 'open': 78, 'open_dollars': '0.7800'}"
1763570640,3575,3575.00,"{'close': None, 'high': None, 'low': None, 'max': None, 'mean': None, 'min': None, 'open': None, 'previous': 77, 'previous_dollars': '0.7700'}",0,0.00,"{'close': 82, 'close_dollars': '0.8200', 'high': 82, 'high_dollars': '0.8200', 'low': 82, 'low_dollars': '0.8200', 'open': 82, 'open_dollars': '0.8200'}","{'close': 79, 'close_dollars': '0.7900', 'high': 79, 'high_dollars': '0.7900', 'low': 77, 'low_dollars': '0.7700', 'open': 77, 'open_dollars': '0.7700'}"
1763570700,3575,3575.00,"{'close': None, 'high': None, 'low': None, 'max': None, 'mean': None, 'min': None, 'open': None, 'previous': 77, 'previous_dollars': '0.7700'}",0,0.00,"{'close': 82, 'close_dollars': '0.8200', 'high': 82, 'high_dollars': '0.8200', 'low': 82, 'low_dollars': '0.8200', 'open': 82, 'open_dollars': '0.8200'}","{'close': 79, 'close_dollars': '0.7900', 'high': 79, 'high_dollars': '0.7900', 'low': 79, 'low_dollars': '0.7900', 'open': 79, 'open_dollars': '0.7900'}"
1763570760,3575,3575.00,"{'close': None, 'high': None, 'low': None, 'max': None, 'mean': None, 'min': None, 'open': None, 'previous': 77, 'previous_dollars': '0.7700'}",0,0.00,"{'close': 82, 'close_dollars': '0.8200', 'high': 82, 'high_dollars': '0.8200', 'low': 82, 'low_dollars': '0.8200', 'open': 82, 'open_dollars': '0.8200'}","{'close': 79, 'close_dollars': '0.7900', 'high': 79, 'high_dollars': '0.7900', 'low': 79, 'low_dollars': '0.7900', 'open': 79, 'open_dollars': '0.7900'}"
1763570820,3575,3575.00,"{'close': None, 'high': None, 'low': None, 'max': None, 'mean': None, 'min': None, 'open': None, 'previous': 77, 'previous_dollars': '0.7700'}",0,0.00,"{'close': 82, 'close_dollars': '0.8200', 'high': 82, 'high_dollars': '0.8200', 'low': 82, 'low_dollars': '0.8200', 'open': 82, 'open_dollars': '0.8200'}","{'close': 79, 'close_dollars': '0.7900', 'high': 79, 'high_dollars': '0.7900', 'low': 79, 'low_dollars': '0.7900', 'open': 79, 'open_dollars': '0.7900'}"
1763570940,3575,3575.00,"{'close': None, 'high': None, 'low': None, 'max': None, 'mean': None, 'min': None, 'open': None, 'previous': 77, 'previous_dollars': '0.7700'}",0,0.00,"{'close': 82, 'close_dollars': '0.8200', 'high': 82, 'high_dollars': '0.8200', 'low': 82, 'low_dollars': '0.8200', 'open': 82, 'open_dollars': '0.8200'}","{'close': 79, 'close_dollars': '0.7900', 'high': 79, 'high_dollars': '0.7900', 'low': 79, 'low_dollars': '0.7900', 'open': 79, 'open_dollars': '0.7900'}"
1763571060,3620,3620.00,"{'close': 79, 'close_dollars': '0.7900', 'high': 79, 'high_dollars': '0.7900', 'low': 79, 'low_dollars': '0.7900', 'max': None, 'mean': 79, 'mean_dollars': '0.7900', 'min': None, 'open': 79, 'open_dollars': '0.7900', 'previous': 77, 'previous_dollars': '0.7700'}",45,45.00,"{'close': 82, 'close_dollars': '0.8200', 'high': 82, 'high_dollars': '0.8200', 'low': 82, 'low_dollars': '0.8200', 'open': 82, 'open_dollars': '0.8200'}","{'close': 79, 'close_dollars': '0.7900', 'high': 79, 'high_dollars': '0.7900', 'low': 79, 'low_dollars': '0.7900', 'open': 79, 'open_dollars': '0.7900'}"
1763571360,3620,3620.00,"{'close': None, 'high': None, 'low': None, 'max': None, 'mean': None, 'min': None, 'open': None, 'previous': 79, 'previous_dollars': '0.7900'}",0,0.00,"{'close': 82, 'close_dollars': '0.8200', 'high': 82, 'high_dollars': '0.8200', 'low': 82, 'low_dollars': '0.8200', 'open': 82, 'open_dollars': '0.8200'}","{'close': 79, 'close_dollars': '0.7900', 'high': 79, 'high_dollars': '0.7900', 'low': 79, 'low_dollars': '0.7900', 'open': 79, 'open_dollars': '0.7900'}"
1763571420,3620,3620.00,"{'close': None, 'high': None, 'low': None, 'max': None, 'mean': None, 'min': None, 'open': None, 'previous': 79, 'previous_dollars': '0.7900'}",0,0.00,"{'close': 82, 'close_dollars': '0.8200', 'high': 82, 'high_dollars': '0.8200', 'low': 82, 'low_dollars': '0.8200', 'open': 82, 'open_dollars': '0.8200'}","{'close': 80, 'close_dollars': '0.8000', 'high': 80, 'high_dollars': '0.8000', 'low': 79, 'low_dollars': '0.7900', 'open': 79, 'open_dollars': '0.7900'}"
1763571480,3620,3620.00,"{'close': 81, 'close_dollars': '0.8100', 'high': 81, 'high_dollars': '0.8100', 'low': 81, 'low_dollars': '0.8100', 'max': None, 'mean': 81, 'mean_dollars': '0.8100', 'min': None, 'open': 81, 'open_dollars': '0.8100', 'previous': 79, 'previous_dollars': '0.7900'}",30,30.00,"{'close': 82, 'close_dollars': '0.8200', 'high': 82, 'high_dollars': '0.8200', 'low': 81, 'low_dollars': '0.8100', 'open': 82, 'open_dollars': '0.8200'}","{'close': 80, 'close_dollars': '0.8000', 'high': 80, 'high_dollars': '0.8000', 'low': 80, 'low_dollars': '0.8000', 'open': 80, 'open_dollars': '0.8000'}"
1763571540,3639,3639.00,"{'close': 82, 'close_dollars': '0.8200', 'high': 82, 'high_dollars': '0.8200', 'low': 82, 'low_dollars': '0.8200', 'max': None, 'mean': 82, 'mean_dollars': '0.8200', 'min': None, 'open': 82, 'open_dollars': '0.8200', 'previous': 81, 'previous_dollars': '0.8100'}",69,69.00,"{'close': 82, 'close_dollars': '0.8200', 'high': 83, 'high_dollars': '0.8300', 'low': 82, 'low_dollars': '0.8200', 'open': 82, 'open_dollars': '0.8200'}","{'close': 80, 'close_dollars': '0.8000', 'high': 80, 'high_dollars': '0.8000', 'low': 80, 'low_dollars': '0.8000', 'open': 80, 'open_dollars': '0.8000'}"
1763571600,3755,3755.00,"{'close': 80, 'close_dollars': '0.8000', 'high': 82, 'high_dollars': '0.8200', 'low': 80, 'low_dollars': '0.8000', 'max': None, 'mean': 80, 'mean_dollars': '0.8019', 'min': None, 'open': 82, 'open_dollars': '0.8200', 'previous': 82, 'previous_dollars': '0.8200'}",128,128.00,"{'close': 83, 'close_dollars': '0.8300', 'high': 83, 'high_dollars': '0.8300', 'low': 81, 'low_dollars': '0.8100', 'open': 82, 'open_dollars': '0.8200'}","{'close': 80, 'close_dollars': '0.8000', 'high': 80, 'high_dollars': '0.8000', 'low': 80, 'low_dollars': '0.8000', 'open': 80, 'open_dollars': '0.8000'}"
1763571660,3755,3755.00,"{'close': None, 'high': None, 'low': None, 'max': None, 'mean': None, 'min': None, 'open': None, 'previous': 80, 'previous_dollars': '0.8000'}",0,0.00,"{'close': 83, 'close_dollars': '0.8300', 'high': 83, 'high_dollars': '0.8300', 'low': 83, 'low_dollars': '0.8300', 'open': 83, 'open_dollars': '0.8300'}","{'close': 81, 'close_dollars': '0.8100', 'high': 81, 'high_dollars': '0.8100', 'low': 79, 'low_dollars': '0.7900', 'open': 80, 'open_dollars': '0.8000'}"
1763571720,3755,3755.00,"{'close': None, 'high': None, 'low': None, 'max': None, 'mean': None, 'min': None, 'open': None, 'previous': 80, 'previous_dollars': '0.8000'}",0,0.00,"{'close': 83, 'close_dollars': '0.8300', 'high': 83, 'high_dollars': '0.8300', 'low': 83, 'low_dollars': '0.8300', 'open': 83, 'open_dollars': '0.8300'}","{'close': 80, 'close_dollars': '0.8000', 'high': 81, 'high_dollars': '0.8100', 'low': 80, 'low_dollars': '0.8000', 'open': 81, 'open_dollars': '0.8100'}"
1763571780,3756,3756.00,"{'close': 83, 'close_dollars': '0.8300', 'high': 83, 'high_dollars': '0.8300', 'low': 83, 'low_dollars': '0.8300', 'max': None, 'mean': 83, 'mean_dollars': '0.8300', 'min': None, 'open': 83, 'open_dollars': '0.8300', 'previous': 80, 'previous_dollars': '0.8000'}",1,1.00,"{'close': 83, 'close_dollars': '0.8300', 'high': 83, 'high_dollars': '0.8300', 'low': 83, 'low_dollars': '0.8300', 'open': 83, 'open_dollars': '0.8300'}","{'close': 77, 'close_dollars': '0.7700', 'high': 80, 'high_dollars': '0.8000', 'low': 77, 'low_dollars': '0.7700', 'open': 80, 'open_dollars': '0.8000'}"
1763571840,4150,4150.00,"{'close': 58, 'close_dollars': '0.5800', 'high': 77, 'high_dollars': '0.7700', 'low': 58, 'low_dollars': '0.5800', 'max': None, 'mean': 65, 'mean_dollars': '0.6546', 'min': None, 'open': 77, 'open_dollars': '0.7700', 'previous': 83, 'previous_dollars': '0.8300'}",509,509.00,"{'close': 74, 'close_dollars': '0.7400', 'high': 83, 'high_dollars': '0.8300', 'low': 74, 'low_dollars': '0.7400', 'open': 83, 'open_dollars': '0.8300'}","{'close': 64, 'close_dollars': '0.6400', 'high': 77, 'high_dollars': '0.7700', 'low': 58, 'low_dollars': '0.5800', 'open': 77, 'open_dollars': '0.7700'}"
1763571900,4232,4232.00,"{'close': 79, 'close_dollars': '0.7900', 'high': 79, 'high_dollars': '0.7900', 'low': 74, 'low_dollars': '0.7400', 'max': None, 'mean': 75, 'mean_dollars': '0.7595', 'min': None, 'open': 74, 'open_dollars': '0.7400', 'previous': 58, 'previous_dollars': '0.5800'}",82,82.00,"{'close': 83, 'close_dollars': '0.8300', 'high': 83, 'high_dollars': '0.8300', 'low': 74, 'low_dollars': '0.7400', 'open': 74, 'open_dollars': '0.7400'}","{'close': 58, 'close_dollars': '0.5800', 'high': 69, 'high_dollars': '0.6900', 'low': 58, 'low_dollars': '0.5800', 'open': 64, 'open_dollars': '0.6400'}"
1763571960,4232,4232.00,"{'close': None, 'high': None, 'low': None, 'max': None, 'mean': None, 'min': None, 'open': None, 'previous': 79, 'previous_dollars': '0.7900'}",0,0.00,"{'close': 82, 'close_dollars': '0.8200', 'high': 83, 'high_dollars': '0.8300', 'low': 82, 'low_dollars': '0.8200', 'open': 83, 'open_dollars': '0.8300'}","{'close': 72, 'close_dollars': '0.7200', 'high': 72, 'high_dollars': '0.7200', 'low': 58, 'low_dollars': '0.5800', 'open': 58, 'open_dollars': '0.5800'}"
1763572020,4232,4232.00,"{'close': None, 'high': None, 'low': None, 'max': None, 'mean': None, 'min': None, 'open': None, 'previous': 79, 'previous_dollars': '0.7900'}",0,0.00,"{'close': 81, 'close_dollars': '0.8100', 'high': 82, 'high_dollars': '0.8200', 'low': 81, 'low_dollars': '0.8100', 'open': 82, 'open_dollars': '0.8200'}","{'close': 72, 'close_dollars': '0.7200', 'high': 72, 'high_dollars': '0.7200', 'low': 58, 'low_dollars': '0.5800', 'open': 72, 'open_dollars': '0.7200'}"
1763572080,4232,4232.00,"{'close': None, 'high': None, 'low': None, 'max': None, 'mean': None, 'min': None, 'open': None, 'previous': 79, 'previous_dollars': '0.7900'}",0,0.00,"{'close': 78, 'close_dollars': '0.7800', 'high': 81, 'high_dollars': '0.8100', 'low': 78, 'low_dollars': '0.7800', 'open': 81, 'open_dollars': '0.8100'}","{'close': 58, 'close_dollars': '0.5800', 'high': 72, 'high_dollars': '0.7200', 'low': 58, 'low_dollars': '0.5800', 'open': 72, 'open_dollars': '0.7200'}"
1763572140,6092,6092.00,"{'close': 99, 'close_dollars': '0.9900', 'high': 99, 'high_dollars': '0.9900', 'low': 78, 'low_dollars': '0.7800', 'max': None, 'mean': 97, 'mean_dollars': '0.9749', 'min': None, 'open': 78, 'open_dollars': '0.7800', 'previous': 79, 'previous_dollars': '0.7900'}",2552,2552.00,"{'close': 100, 'close_dollars': '1.0000', 'high': 100, 'high_dollars': '1.0000', 'low': 78, 'low_dollars': '0.7800', 'open': 78, 'open_dollars': '0.7800'}","{'close': 99, 'close_dollars': '0.9900', 'high': 99, 'high_dollars': '0.9900', 'low': 58, 'low_dollars': '0.5800', 'open': 58, 'open_dollars': '0.5800'}"
1763572200,6092,6092.00,"{'close': None, 'high': None, 'low': None, 'max': None, 'mean': None, 'min': None, 'open': None, 'previous': 99, 'previous_dollars': '0.9900'}",0,0.00,"{'close': 100, 'close_dollars': '1.0000', 'high': 100, 'high_dollars': '1.0000', 'low': 100, 'low_dollars': '1.0000', 'open': 100, 'open_dollars': '1.0000'}","{'close': 99, 'close_dollars': '0.9900', 'high': 99, 'high_dollars': '0.9900', 'low': 99, 'low_dollars': '0.9900', 'open': 99, 'open_dollars': '0.9900'}"
1763572260,6092,6092.00,"{'close': None, 'high': None, 'low': None, 'max': None, 'mean': None, 'min': None, 'open': None, 'previous': 99, 'previous_dollars': '0.9900'}",0,0.00,"{'close': 100, 'close_dollars': '1.0000', 'high': 100, 'high_dollars': '1.0000', 'low': 100, 'low_dollars': '1.0000', 'open': 100, 'open_dollars': '1.0000'}","{'close': 99, 'close_dollars': '0.9900', 'high': 99, 'high_dollars': '0.9900', 'low': 99, 'low_dollars': '0.9900', 'open': 99, 'open_dollars': '0.9900'}"
1763572320,6092,6092.00,"{'close': 99, 'close_dollars': '0.9900', 'high': 99, 'high_dollars': '0.9900', 'low': 99, 'low_dollars': '0.9900', 'max': None, 'mean': 99, 'mean_dollars': '0.9900', 'min': None, 'open': 99, 'open_dollars': '0.9900', 'previous': 99, 'previous_dollars': '0.9900'}",3,3.00,"{'close': 100, 'close_dollars': '1.0000', 'high': 100, 'high_dollars': '1.0000', 'low': 100, 'low_dollars': '1.0000', 'open': 100, 'open_dollars': '1.0000'}","{'close': 99, 'close_dollars': '0.9900', 'high': 99, 'high_dollars': '0.9900', 'low': 99, 'low_dollars': '0.9900', 'open': 99, 'open_dollars': '0.9900'}"
1763572440,6092,6092.00,"{'close': None, 'high': None, 'low': None, 'max': None, 'mean': None, 'min': None, 'open': None, 'previous': 99, 'previous_dollars': '0.9900'}",0,0.00,"{'close': 100, 'close_dollars': '1.0000', 'high': 100, 'high_dollars': '1.0000', 'low': 100, 'low_dollars': '1.0000', 'open': 100, 'open_dollars': '1.0000'}","{'close': 99, 'close_dollars': '0.9900', 'high': 99, 'high_dollars': '0.9900', 'low': 99, 'low_dollars': '0.9900', 'open': 99, 'open_dollars': '0.9900'}"
1763572500,6092,6092.00,"{'close': 99, 'close_dollars': '0.9900', 'high': 99, 'high_dollars': '0.9900', 'low': 99, 'low_dollars': '0.9900', 'max': None, 'mean': 99, 'mean_dollars': '0.9900', 'min': None, 'open': 99, 'open_dollars': '0.9900', 'previous': 99, 'previous_dollars': '0.9900'}",32,32.00,"{'close': 100, 'close_dollars': '1.0000', 'high': 100, 'high_dollars': '1.0000', 'low': 100, 'low_dollars': '1.0000', 'open': 100, 'open_dollars': '1.0000'}","{'close': 99, 'close_dollars': '0.9900', 'high': 99, 'high_dollars': '0.9900', 'low': 99, 'low_dollars': '0.9900', 'open': 99, 'open_dollars': '0.9900'}"
1763572740,6092,6092.00,"{'close': None, 'high': None, 'low': None, 'max': None, 'mean': None, 'min': None, 'open': None, 'previous': 99, 'previous_dollars': '0.9900'}",0,0.00,"{'close': 100, 'close_dollars': '1.0000', 'high': 100, 'high_dollars': '1.0000', 'low': 100, 'low_dollars': '1.0000', 'open': 100, 'open_dollars': '1.0000'}","{'close': 99, 'close_dollars': '0.9900', 'high': 99, 'high_dollars': '0.9900', 'low': 99, 'low_dollars': '0.9900', 'open': 99, 'open_dollars': '0.9900'}"
1763572800,6092,6092.00,"{'close': None, 'high': None, 'low': None, 'max': None, 'mean': None, 'min': None, 'open': None, 'previous': 99, 'previous_dollars': '0.9900'}",0,0.00,"{'close': 100, 'close_dollars': '1.0000', 'high': 100, 'high_dollars': '1.0000', 'low': 100, 'low_dollars': '1.0000', 'open': 100, 'open_dollars': '1.0000'}","{'close': 99, 'close_dollars': '0.9900', 'high': 99, 'high_dollars': '0.9900', 'low': 99, 'low_dollars': '0.9900', 'open': 99, 'open_dollars': '0.9900'}"
1763572920,6092,6092.00,"{'close': None, 'high': None, 'low': None, 'max': None, 'mean': None, 'min': None, 'open': None, 'previous': 99, 'previous_dollars': '0.9900'}",0,0.00,"{'close': 100, 'close_dollars': '1.0000', 'high': 100, 'high_dollars': '1.0000', 'low': 100, 'low_dollars': '1.0000', 'open': 100, 'open_dollars': '1.0000'}","{'close': 99, 'close_dollars': '0.9900', 'high': 99, 'high_dollars': '0.9900', 'low': 99, 'low_dollars': '0.9900', 'open': 99, 'open_dollars': '0.9900'}"
1763573040,6092,6092.00,"{'close': None, 'high': None, 'low': None, 'max': None, 'mean': None, 'min': None, 'open': None, 'previous': 99, 'previous_dollars': '0.9900'}",0,0.00,"{'close': 100, 'close_dollars': '1.0000', 'high': 100, 'high_dollars': '1.0000', 'low': 100, 'low_dollars': '1.0000', 'open': 100, 'open_dollars': '1.0000'}","{'close': 99, 'close_dollars': '0.9900', 'high': 99, 'high_dollars': '0.9900', 'low': 99, 'low_dollars': '0.9900', 'open': 99, 'open_dollars': '0.9900'}"
1763573100,7023,7023.00,"{'close': 99, 'close_dollars': '0.9900', 'high': 99, 'high_dollars': '0.9900', 'low': 99, 'low_dollars': '0.9900', 'max': None, 'mean': 99, 'mean_dollars': '0.9900', 'min': None, 'open': 99, 'open_dollars': '0.9900', 'previous': 99, 'previous_dollars': '0.9900'}",931,931.00,"{'close': 100, 'close_dollars': '1.0000', 'high': 100, 'high_dollars': '1.0000', 'low': 100, 'low_dollars': '1.0000', 'open': 100, 'open_dollars': '1.0000'}","{'close': 99, 'close_dollars': '0.9900', 'high': 99, 'high_dollars': '0.9900', 'low': 99, 'low_dollars': '0.9900', 'open': 99, 'open_dollars': '0.9900'}"
1763573160,7023,7023.00,"{'close': None, 'high': None, 'low': None, 'max': None, 'mean': None, 'min': None, 'open': None, 'previous': 99, 'previous_dollars': '0.9900'}",0,0.00,"{'close': 100, 'close_dollars': '1.0000', 'high': 100, 'high_dollars': '1.0000', 'low': 100, 'low_dollars': '1.0000', 'open': 100, 'open_dollars': '1.0000'}","{'close': 99, 'close_dollars': '0.9900', 'high': 99, 'high_dollars': '0.9900', 'low': 99, 'low_dollars': '0.9900', 'open': 99, 'open_dollars': '0.9900'}"
1763573220,7023,7023.00,"{'close': None, 'high': None, 'low': None, 'max': None, 'mean': None, 'min': None, 'open': None, 'previous': 99, 'previous_dollars': '0.9900'}",0,0.00,"{'close': 100, 'close_dollars': '1.0000', 'high': 100, 'high_dollars': '1.0000', 'low': 100, 'low_dollars': '1.0000', 'open': 100, 'open_dollars': '1.0000'}","{'close': 99, 'close_dollars': '0.9900', 'high': 99, 'high_dollars': '0.9900', 'low': 99, 'low_dollars': '0.9900', 'open': 99, 'open_dollars': '0.9900'}"
1763573280,7023,7023.00,"{'close': None, 'high': None, 'low': None, 'max': None, 'mean': None, 'min': None, 'open': None, 'previous': 99, 'previous_dollars': '0.9900'}",0,0.00,"{'close': 100, 'close_dollars': '1.0000', 'high': 100, 'high_dollars': '1.0000', 'low': 100, 'low_dollars': '1.0000', 'open': 100, 'open_dollars': '1.0000'}","{'close': 99, 'close_dollars': '0.9900', 'high': 99, 'high_dollars': '0.9900', 'low': 99, 'low_dollars': '0.9900', 'open': 99, 'open_dollars': '0.9900'}"
1763573340,7023,7023.00,"{'close': None, 'high': None, 'low': None, 'max': None, 'mean': None, 'min': None, 'open': None, 'previous': 99, 'previous_dollars': '0.9900'}",0,0.00,"{'close': 100, 'close_dollars': '1.0000', 'high': 100, 'high_dollars': '1.0000', 'low': 100, 'low_dollars': '1.0000', 'open': 100, 'open_dollars': '1.0000'}","{'close': 99, 'close_dollars': '0.9900', 'high': 99, 'high_dollars': '0.9900', 'low': 99, 'low_dollars': '0.9900', 'open': 99, 'open_dollars': '0.9900'}"
1763573400,7023,7023.00,"{'close': None, 'high': None, 'low': None, 'max': None, 'mean': None, 'min': None, 'open': None, 'previous': 99, 'previous_dollars': '0.9900'}",0,0.00,"{'close': 100, 'close_dollars': '1.0000', 'high': 100, 'high_dollars': '1.0000', 'low': 100, 'low_dollars': '1.0000', 'open': 100, 'open_dollars': '1.0000'}","{'close': 99, 'close_dollars': '0.9900', 'high': 99, 'high_dollars': '0.9900', 'low': 99, 'low_dollars': '0.9900', 'open': 99, 'open_dollars': '0.9900'}"
1763573460,7023,7023.00,"{'close': None, 'high': None, 'low': None, 'max': None, 'mean': None, 'min': None, 'open': None, 'previous': 99, 'previous_dollars': '0.9900'}",0,0.00,"{'close': 100, 'close_dollars': '1.0000', 'high': 100, 'high_dollars': '1.0000', 'low': 100, 'low_dollars': '1.0000', 'open': 100, 'open_dollars': '1.0000'}","{'close': 99, 'close_dollars': '0.9900', 'high': 99, 'high_dollars': '0.9900', 'low': 99, 'low_dollars': '0.9900', 'open': 99, 'open_dollars': '0.9900'}"
1763573520,7023,7023.00,"{'close': None, 'high': None, 'low': None, 'max': None, 'mean': None, 'min': None, 'open': None, 'previous': 99, 'previous_dollars': '0.9900'}",0,0.00,"{'close': 100, 'close_dollars': '1.0000', 'high': 100, 'high_dollars': '1.0000', 'low': 100, 'low_dollars': '1.0000', 'open': 100, 'open_dollars': '1.0000'}","{'close': 99, 'close_dollars': '0.9900', 'high': 99, 'high_dollars': '0.9900', 'low': 99, 'low_dollars': '0.9900', 'open': 99, 'open_dollars': '0.9900'}"
1763573580,7023,7023.00,"{'close': None, 'high': None, 'low': None, 'max': None, 'mean': None, 'min': None, 'open': None, 'previous': 99, 'previous_dollars': '0.9900'}",0,0.00,"{'close': 100, 'close_dollars': '1.0000', 'high': 100, 'high_dollars': '1.0000', 'low': 100, 'low_dollars': '1.0000', 'open': 100, 'open_dollars': '1.0000'}","{'close': 99, 'close_dollars': '0.9900', 'high': 99, 'high_dollars': '0.9900', 'low': 99, 'low_dollars': '0.9900', 'open': 99, 'open_dollars': '0.9900'}"
1763573640,7023,7023.00,"{'close': None, 'high': None, 'low': None, 'max': None, 'mean': None, 'min': None, 'open': None, 'previous': 99, 'previous_dollars': '0.9900'}",0,0.00,"{'close': 100, 'close_dollars': '1.0000', 'high': 100, 'high_dollars': '1.0000', 'low': 100, 'low_dollars': '1.0000', 'open': 100, 'open_dollars': '1.0000'}","{'close': 99, 'close_dollars': '0.9900', 'high': 99, 'high_dollars': '0.9900', 'low': 99, 'low_dollars': '0.9900', 'open': 99, 'open_dollars': '0.9900'}"
1763573700,7023,7023.00,"{'close': None, 'high': None, 'low': None, 'max': None, 'mean': None, 'min': None, 'open': None, 'previous': 99, 'previous_dollars': '0.9900'}",0,0.00,"{'close': 100, 'close_dollars': '1.0000', 'high': 100, 'high_dollars': '1.0000', 'low': 100, 'low_dollars': '1.0000', 'open': 100, 'open_dollars': '1.0000'}","{'close': 99, 'close_dollars': '0.9900', 'high': 99, 'high_dollars': '0.9900', 'low': 99, 'low_dollars': '0.9900', 'open': 99, 'open_dollars': '0.9900'}"
1763573760,7023,7023.00,"{'close': None, 'high': None, 'low': None, 'max': None, 'mean': None, 'min': None, 'open': None, 'previous': 99, 'previous_dollars': '0.9900'}",0,0.00,"{'close': 100, 'close_dollars': '1.0000', 'high': 100, 'high_dollars': '1.0000', 'low': 100, 'low_dollars': '1.0000', 'open': 100, 'open_dollars': '1.0000'}","{'close': 99, 'close_dollars': '0.9900', 'high': 99, 'high_dollars': '0.9900', 'low': 99, 'low_dollars': '0.9900', 'open': 99, 'open_dollars': '0.9900'}"
1763573820,7023,7023.00,"{'close': None, 'high': None, 'low': None, 'max': None, 'mean': None, 'min': None, 'open': None, 'previous': 99, 'previous_dollars': '0.9900'}",0,0.00,"{'close': 100, 'close_dollars': '1.0000', 'high': 100, 'high_dollars': '1.0000', 'low': 100, 'low_dollars': '1.0000', 'open': 100, 'open_dollars': '1.0000'}","{'close': 99, 'close_dollars': '0.9900', 'high': 99, 'high_dollars': '0.9900', 'low': 99, 'low_dollars': '0.9900', 'open': 99, 'open_dollars': '0.9900'}"
1763573880,7023,7023.00,"{'close': None, 'high': None, 'low': None, 'max': None, 'mean': None, 'min': None, 'open': None, 'previous': 99, 'previous_dollars': '0.9900'}",0,0.00,"{'close': 100, 'close_dollars': '1.0000', 'high': 100, 'high_dollars': '1.0000', 'low': 100, 'low_dollars': '1.0000', 'open': 100, 'open_dollars': '1.0000'}","{'close': 99, 'close_dollars': '0.9900', 'high': 99, 'high_dollars': '0.9900', 'low': 99, 'low_dollars': '0.9900', 'open': 99, 'open_dollars': '0.9900'}"
1763573940,7023,7023.00,"{'close': 99, 'close_dollars': '0.9900', 'high': 99, 'high_dollars': '0.9900', 'low': 99, 'low_dollars': '0.9900', 'max': None, 'mean': 99, 'mean_dollars': '0.9900', 'min': None, 'open': 99, 'open_dollars': '0.9900', 'previous': 99, 'previous_dollars': '0.9900'}",79,79.00,"{'close': 100, 'close_dollars': '1.0000', 'high': 100, 'high_dollars': '1.0000', 'low': 100, 'low_dollars': '1.0000', 'open': 100, 'open_dollars': '1.0000'}","{'close': 99, 'close_dollars': '0.9900', 'high': 99, 'high_dollars': '0.9900', 'low': 99, 'low_dollars': '0.9900', 'open': 99, 'open_dollars': '0.9900'}"
1763574000,7023,7023.00,"{'close': None, 'high': None, 'low': None, 'max': None, 'mean': None, 'min': None, 'open': None, 'previous': 99, 'previous_dollars': '0.9900'}",0,0.00,"{'close': 100, 'close_dollars': '1.0000', 'high': 100, 'high_dollars': '1.0000', 'low': 100, 'low_dollars': '1.0000', 'open': 100, 'open_dollars': '1.0000'}","{'close': 99, 'close_dollars': '0.9900', 'high': 99, 'high_dollars': '0.9900', 'low': 99, 'low_dollars': '0.9900', 'open': 99, 'open_dollars': '0.9900'}"
1763574060,7023,7023.00,"{'close': None, 'high': None, 'low': None, 'max': None, 'mean': None, 'min': None, 'open': None, 'previous': 99, 'previous_dollars': '0.9900'}",0,0.00,"{'close': 100, 'close_dollars': '1.0000', 'high': 100, 'high_dollars': '1.0000', 'low': 100, 'low_dollars': '1.0000', 'open': 100, 'open_dollars': '1.0000'}","{'close': 99, 'close_dollars': '0.9900', 'high': 99, 'high_dollars': '0.9900', 'low': 99, 'low_dollars': '0.9900', 'open': 99, 'open_dollars': '0.9900'}"
1763574120,7023,7023.00,"{'close': None, 'high': None, 'low': None, 'max': None, 'mean': None, 'min': None, 'open': None, 'previous': 99, 'previous_dollars': '0.9900'}",0,0.00,"{'close': 100, 'close_dollars': '1.0000', 'high': 100, 'high_dollars': '1.0000', 'low': 100, 'low_dollars': '1.0000', 'open': 100, 'open_dollars': '1.0000'}","{'close': 99, 'close_dollars': '0.9900', 'high': 99, 'high_dollars': '0.9900', 'low': 99, 'low_dollars': '0.9900', 'open': 99, 'open_dollars': '0.9900'}"
1763574180,7023,7023.00,"{'close': None, 'high': None, 'low': None, 'max': None, 'mean': None, 'min': None, 'open': None, 'previous': 99, 'previous_dollars': '0.9900'}",0,0.00,"{'close': 100, 'close_dollars': '1.0000', 'high': 100, 'high_dollars': '1.0000', 'low': 100, 'low_dollars': '1.0000', 'open': 100, 'open_dollars': '1.0000'}","{'close': 99, 'close_dollars': '0.9900', 'high': 99, 'high_dollars': '0.9900', 'low': 99, 'low_dollars': '0.9900', 'open': 99, 'open_dollars': '0.9900'}"
1763574240,7023,7023.00,"{'close': None, 'high': None, 'low': None, 'max': None, 'mean': None, 'min': None, 'open': None, 'previous': 99, 'previous_dollars': '0.9900'}",0,0.00,"{'close': 100, 'close_dollars': '1.0000', 'high': 100, 'high_dollars': '1.0000', 'low': 100, 'low_dollars': '1.0000', 'open': 100, 'open_dollars': '1.0000'}","{'close': 99, 'close_dollars': '0.9900', 'high': 99, 'high_dollars': '0.9900', 'low': 99, 'low_dollars': '0.9900', 'open': 99, 'open_dollars': '0.9900'}"
1763574360,7023,7023.00,"{'close': None, 'high': None, 'low': None, 'max': None, 'mean': None, 'min': None, 'open': None, 'previous': 99, 'previous_dollars': '0.9900'}",0,0.00,"{'close': 100, 'close_dollars': '1.0000', 'high': 100, 'high_dollars': '1.0000', 'low': 100, 'low_dollars': '1.0000', 'open': 100, 'open_dollars': '1.0000'}","{'close': 99, 'close_dollars': '0.9900', 'high': 99, 'high_dollars': '0.9900', 'low': 99, 'low_dollars': '0.9900', 'open': 99, 'open_dollars': '0.9900'}"
1763574480,7023,7023.00,"{'close': None, 'high': None, 'low': None, 'max': None, 'mean': None, 'min': None, 'open': None, 'previous': 99, 'previous_dollars': '0.9900'}",0,0.00,"{'close': 100, 'close_dollars': '1.0000', 'high': 100, 'high_dollars': '1.0000', 'low': 100, 'low_dollars': '1.0000', 'open': 100, 'open_dollars': '1.0000'}","{'close': 99, 'close_dollars': '0.9900', 'high': 99, 'high_dollars': '0.9900', 'low': 99, 'low_dollars': '0.9900', 'open': 99, 'open_dollars': '0.9900'}"
1763574600,7023,7023.00,"{'close': None, 'high': None, 'low': None, 'max': None, 'mean': None, 'min': None, 'open': None, 'previous': 99, 'previous_dollars': '0.9900'}",0,0.00,"{'close': 100, 'close_dollars': '1.0000', 'high': 100, 'high_dollars': '1.0000', 'low': 100, 'low_dollars': '1.0000', 'open': 100, 'open_dollars': '1.0000'}","{'close': 99, 'close_dollars': '0.9900', 'high': 99, 'high_dollars': '0.9900', 'low': 99, 'low_dollars': '0.9900', 'open': 99, 'open_dollars': '0.9900'}"
1763574660,7023,7023.00,"{'close': None, 'high': None, 'low': None, 'max': None, 'mean': None, 'min': None, 'open': None, 'previous': 99, 'previous_dollars': '0.9900'}",0,0.00,"{'close': 100, 'close_dollars': '1.0000', 'high': 100, 'high_dollars': '1.0000', 'low': 100, 'low_dollars': '1.0000', 'open': 100, 'open_dollars': '1.0000'}","{'close': 99, 'close_dollars': '0.9900', 'high': 99, 'high_dollars': '0.9900', 'low': 99, 'low_dollars': '0.9900', 'open': 99, 'open_dollars': '0.9900'}"
1763574840,7023,7023.00,"{'close': None, 'high': None, 'low': None, 'max': None, 'mean': None, 'min': None, 'open': None, 'previous': 99, 'previous_dollars': '0.9900'}",0,0.00,"{'close': 100, 'close_dollars': '1.0000', 'high': 100, 'high_dollars': '1.0000', 'low': 100, 'low_dollars': '1.0000', 'open': 100, 'open_dollars': '1.0000'}","{'close': 99, 'close_dollars': '0.9900', 'high': 99, 'high_dollars': '0.9900', 'low': 99, 'low_dollars': '0.9900', 'open': 99, 'open_dollars': '0.9900'}"
1763574900,7023,7023.00,"{'close': None, 'high': None, 'low': None, 'max': None, 'mean': None, 'min': None, 'open': None, 'previous': 99, 'previous_dollars': '0.9900'}",0,0.00,"{'close': 100, 'close_dollars': '1.0000', 'high': 100, 'high_dollars': '1.0000', 'low': 100, 'low_dollars': '1.0000', 'open': 100, 'open_dollars': '1.0000'}","{'close': 99, 'close_dollars': '0.9900', 'high': 99, 'high_dollars': '0.9900', 'low': 99, 'low_dollars': '0.9900', 'open': 99, 'open_dollars': '0.9900'}"
1763574960,7023,7023.00,"{'close': 99, 'close_dollars': '0.9900', 'high': 99, 'high_dollars': '0.9900', 'low': 99, 'low_dollars': '0.9900', 'max': None, 'mean': 99, 'mean_dollars': '0.9900', 'min': None, 'open': 99, 'open_dollars': '0.9900', 'previous': 99, 'previous_dollars': '0.9900'}",24,24.00,"{'close': 100, 'close_dollars': '1.0000', 'high': 100, 'high_dollars': '1.0000', 'low': 100, 'low_dollars': '1.0000', 'open': 100, 'open_dollars': '1.0000'}","{'close': 99, 'close_dollars': '0.9900', 'high': 99, 'high_dollars': '0.9900', 'low': 99, 'low_dollars': '0.9900', 'open': 99, 'open_dollars': '0.9900'}"
1763575020,7023,7023.00,"{'close': None, 'high': None, 'low': None, 'max': None, 'mean': None, 'min': None, 'open': None, 'previous': 99, 'previous_dollars': '0.9900'}",0,0.00,"{'close': 100, 'close_dollars': '1.0000', 'high': 100, 'high_dollars': '1.0000', 'low': 100, 'low_dollars': '1.0000', 'open': 100, 'open_dollars': '1.0000'}","{'close': 99, 'close_dollars': '0.9900', 'high': 99, 'high_dollars': '0.9900', 'low': 99, 'low_dollars': '0.9900', 'open': 99, 'open_dollars': '0.9900'}"
1763575140,7023,7023.00,"{'close': None, 'high': None, 'low': None, 'max': None, 'mean': None, 'min': None, 'open': None, 'previous': 99, 'previous_dollars': '0.9900'}",0,0.00,"{'close': 100, 'close_dollars': '1.0000', 'high': 100, 'high_dollars': '1.0000', 'low': 100, 'low_dollars': '1.0000', 'open': 100, 'open_dollars': '1.0000'}","{'close': 99, 'close_dollars': '0.9900', 'high': 99, 'high_dollars': '0.9900', 'low': 99, 'low_dollars': '0.9900', 'open': 99, 'open_dollars': '0.9900'}"
1763575200,7023,7023.00,"{'close': None, 'high': None, 'low': None, 'max': None, 'mean': None, 'min': None, 'open': None, 'previous': 99, 'previous_dollars': '0.9900'}",0,0.00,"{'close': 100, 'close_dollars': '1.0000', 'high': 100, 'high_dollars': '1.0000', 'low': 100, 'low_dollars': '1.0000', 'open': 100, 'open_dollars': '1.0000'}","{'close': 99, 'close_dollars': '0.9900', 'high': 99, 'high_dollars': '0.9900', 'low': 99, 'low_dollars': '0.9900', 'open': 99, 'open_dollars': '0.9900'}"
1763575260,7023,7023.00,"{'close': None, 'high': None, 'low': None, 'max': None, 'mean': None, 'min': None, 'open': None, 'previous': 99, 'previous_dollars': '0.9900'}",0,0.00,"{'close': 100, 'close_dollars': '1.0000', 'high': 100, 'high_dollars': '1.0000', 'low': 100, 'low_dollars': '1.0000', 'open': 100, 'open_dollars': '1.0000'}","{'close': 99, 'close_dollars': '0.9900', 'high': 99, 'high_dollars': '0.9900', 'low': 99, 'low_dollars': '0.9900', 'open': 99, 'open_dollars': '0.9900'}"
1763575320,7023,7023.00,"{'close': None, 'high': None, 'low': None, 'max': None, 'mean': None, 'min': None, 'open': None, 'previous': 99, 'previous_dollars': '0.9900'}",0,0.00,"{'close': 100, 'close_dollars': '1.0000', 'high': 100, 'high_dollars': '1.0000', 'low': 100, 'low_dollars': '1.0000', 'open': 100, 'open_dollars': '1.0000'}","{'close': 99, 'close_dollars': '0.9900', 'high': 99, 'high_dollars': '0.9900', 'low': 99, 'low_dollars': '0.9900', 'open': 99, 'open_dollars': '0.9900'}"
1763575380,7023,7023.00,"{'close': None, 'high': None, 'low': None, 'max': None, 'mean': None, 'min': None, 'open': None, 'previous': 99, 'previous_dollars': '0.9900'}",0,0.00,"{'close': 100, 'close_dollars': '1.0000', 'high': 100, 'high_dollars': '1.0000', 'low': 100, 'low_dollars': '1.0000', 'open': 100, 'open_dollars': '1.0000'}","{'close': 99, 'close_dollars': '0.9900', 'high': 99, 'high_dollars': '0.9900', 'low': 99, 'low_dollars': '0.9900', 'open': 99, 'open_dollars': '0.9900'}"
1763575500,7023,7023.00,"{'close': None, 'high': None, 'low': None, 'max': None, 'mean': None, 'min': None, 'open': None, 'previous': 99, 'previous_dollars': '0.9900'}",0,0.00,"{'close': 100, 'close_dollars': '1.0000', 'high': 100, 'high_dollars': '1.0000', 'low': 100, 'low_dollars': '1.0000', 'open': 100, 'open_dollars': '1.0000'}","{'close': 99, 'close_dollars': '0.9900', 'high': 99, 'high_dollars': '0.9900', 'low': 99, 'low_dollars': '0.9900', 'open': 99, 'open_dollars': '0.9900'}"
1763575620,7023,7023.00,"{'close': None, 'high': None, 'low': None, 'max': None, 'mean': None, 'min': None, 'open': None, 'previous': 99, 'previous_dollars': '0.9900'}",0,0.00,"{'close': 100, 'close_dollars': '1.0000', 'high': 100, 'high_dollars': '1.0000', 'low': 100, 'low_dollars': '1.0000', 'open': 100, 'open_dollars': '1.0000'}","{'close': 99, 'close_dollars': '0.9900', 'high': 99, 'high_dollars': '0.9900', 'low': 99, 'low_dollars': '0.9900', 'open': 99, 'open_dollars': '0.9900'}"
1763575680,7023,7023.00,"{'close': None, 'high': None, 'low': None, 'max': None, 'mean': None, 'min': None, 'open': None, 'previous': 99, 'previous_dollars': '0.9900'}",0,0.00,"{'close': 100, 'close_dollars': '1.0000', 'high': 100, 'high_dollars': '1.0000', 'low': 100, 'low_dollars': '1.0000', 'open': 100, 'open_dollars': '1.0000'}","{'close': 99, 'close_dollars': '0.9900', 'high': 99, 'high_dollars': '0.9900', 'low': 99, 'low_dollars': '0.9900', 'open': 99, 'open_dollars': '0.9900'}"
1763577840,7116,7116.00,"{'close': 99, 'close_dollars': '0.9900', 'high': 99, 'high_dollars': '0.9900', 'low': 99, 'low_dollars': '0.9900', 'max': None, 'mean': 99, 'mean_dollars': '0.9900', 'min': None, 'open': 99, 'open_dollars': '0.9900', 'previous': 99, 'previous_dollars': '0.9900'}",93,93.00,"{'close': 100, 'close_dollars': '1.0000', 'high': 100, 'high_dollars': '1.0000', 'low': 100, 'low_dollars': '1.0000', 'open': 100, 'open_dollars': '1.0000'}","{'close': 99, 'close_dollars': '0.9900', 'high': 99, 'high_dollars': '0.9900', 'low': 99, 'low_dollars': '0.9900', 'open': 99, 'open_dollars': '0.9900'}"
1763578860,7116,7116.00,"{'close': None, 'high': None, 'low': None, 'max': None, 'mean': None, 'min': None, 'open': None, 'previous': 99, 'previous_dollars': '0.9900'}",0,0.00,"{'close': 100, 'close_dollars': '1.0000', 'high': 100, 'high_dollars': '1.0000', 'low': 100, 'low_dollars': '1.0000', 'open': 100, 'open_dollars': '1.0000'}","{'close': 99, 'close_dollars': '0.9900', 'high': 99, 'high_dollars': '0.9900', 'low': 99, 'low_dollars': '0.9900', 'open': 99, 'open_dollars': '0.9900'}"
1763579940,7116,7116.00,"{'close': None, 'high': None, 'low': None, 'max': None, 'mean': None, 'min': None, 'open': None, 'previous': 99, 'previous_dollars': '0.9900'}",0,0.00,"{'close': 100, 'close_dollars': '1.0000', 'high': 100, 'high_dollars': '1.0000', 'low': 100, 'low_dollars': '1.0000', 'open': 100, 'open_dollars': '1.0000'}","{'close': 0, 'close_dollars': '0.0000', 'high': 99, 'high_dollars': '0.9900', 'low': 0, 'low_dollars': '0.0000', 'open': 99, 'open_dollars': '0.9900'}"
